14177785 20769782 7660990 14188599 16647532 15279944 5659940 17214066 1224171 11169869
17727936 13480462 6694318 19777166 13601232 9852283 12443192 908683 19961547 966691
20155553 6277154 19024567 7329785 9541882 6058476 12873235 11337872 12043168 2934562
358596 17510167 7591434 21433549 7547977 13071247 6514865 10758084 19518440 11244650
20432628 10597897 7547647 14339959 19615812 20010918 19482128 3815222 8694485 17290125
6581316 12412521 3500491 15610234 5167728 3267627 21272439 20479037 19810435 5222663
18419263 14497740 12394580 15330477 12892358 18793296 10946142 16987412 6186498 3825323
4391415 21283338 300207 7527009 15808742 7971003 15921776 13459960 13359439 797095
20764937 3762624 10345334 5339959 20394419 4062496 12771104 5116269 3159010 2398964
2843922 20372609 12563733 900876 7278792 20065227 9389740 19251307 19636332 401689
8165429 6421040 9781634 4480947 9451823 20567518 17059449 20511648 4719784 12139825
12084142 20777624 8843656 5249673 16345389 5899871 1925715 9885055 19454350 11550624
2640387 8075963 20703906 3973161 16133493 14422111 15971896 3885774 4017834 8703608
7874036 14686796 4820278 10470744 20353277 7993894 11052342 15213780 12554537 13332677
21358507 14610034 20261775 6657989 12187195 10843168 14742627 6162729 2353169 5112156
6577971 2204349 9087582 19599776 1785547 10603289 18156583 396176 19222713 599464
11485680 19809859 1237222 4331319 16524533 5290881 1901794 6350555 3886861 1140547
88740 12326098 13400893 6783404 10425873 20618296 20400323 15045663 3751740 15840469
21048914 11187505 577847 4376261 518928 17862920 8725959 15617946 8693868 12194774
3955812 11030081 6589772 20769781 8626778 969879 10261687 20170228 11408602 15278606
18065762 21453211 1142034 3495535 18092091 13080097 5828979 6415181 15861404 8609511
19194567 16361807 2263652 4207696 4208674 5021245 7241477 15732352 17644030 8913706
10762956 21183913 20903438 12118775 2645377 5050457 4855340 3706558 7886562 6143226
20412238 1185920 13262397 4715265 21203855 10477533 6629978 12250447 16696624 8557120
7038584 9343764 18736530 5172888 3878328 11900891 348467 8321033 3748386 18196229
5674967 12075410 9015807 17549368 15185587 13934704 16078860 13891956 4522571 3900182
20134393 1933385 2156473 484844 19075324 9311450 20572383 16310021 5768314 2756713
10705639 916412 6456829 7895958 787996 11871062 9307530 2619131 4065945 10830422
1072669 10745119 11222403 5755979 19952905 18943144 13206353 20057076 18128585 12055718
17033509 17913071 10725133 2073443 1170009 13963026 19876471 11005283 18023099 18093167
822479 5218553 4244284 14893832 7561773 20631629 14057080 9337765 773954 9854182
15820609 17218373 16811373 17413320 2958127 13017206 9194360 2161899 7157180 9890712
21201678 16338984 275754 20882661 19702890 13922304 19134748 7984152 11742608 762895
17403958 11985210 6945961 7274508 12150011 4545619 4906554 211129 2294217 4287258
3018476 11465305 20255872 10028807 12616620 2028930 2308769 12371801 5074456 4413047
8275668 3020973 5842054 4661898 2901397 1778215 2535363 17615671 16868327 8534968
3476400 9239483 16002886 3665141 9995650 20860574 4016047 8501920 15463216 20091841
4370900 4595735 7472749 12494612 17308477 6244724 9116097 3398438 17188696 6934892
21221468 7757163 11074984 11248109 117986 12392572 13238561 7095288 3366641 16214803
11594336 2010645 385129 18427361 14294004 18284877 16752239 11506298 17910207 18800374
9915694 695633 6998498 194815 5409287 3284663 1863655 12463513 21465162 9029046
17247551 12697409 11920139 4611111 11210753 19061989 14342579 9973600 3848582 14317318
6071998 14091391 11401640 1056642 17133872 2219592 10603753 2720506 16975028 18980938
5436192 16400796 20341046 14909895 807687 14295807 16048831 16930280 17778769 11744658
17883383 9803173 7123156 17751469 2769409 11718577 12652523 3971488 15677171 11648020
9155871 14120621 1408368 13495677 5675866 10546067 6247143 21338974 9300956 9569790
1037534 15436888 18170785 17424060 9395823 12634496 13625679 9054526 17428176 4461731
19154851 9659082 235222 528653 5997209 19999169 19545168 7419631 6045124 2629772
18757351 4945714 21064197 11393174 15702262 20071441 11524503 19017878 17539914 14388779
14232101 17774376 10972289 8514896 13296473 9948195 15421922 7941539 19279513 20855393
20614050 19550068 6212327 6339463 5771558 12469675 7653872 19483508 13682005 3042558
13214337 2173172 9869997 19586494 8936973 10455230 16285506 14460640 10306600 14775303
11294936 14625806 1588461 355777 14138201 17568259 13471396 10442442 10258745 10926741
4243588 6912532 20336090 18884762 3722537 8909272 13105589 19712304 11286835 6791434
7210038 3011308 20877550 8803805 18463482 20434449 13924599 9452940 18635019 16305765
20507930 21353441 16505026 15754312 5066450 14093271 2936409 9756047 19370324 11186741
21017418 3575691 7234618 10230278 21073973 6664968 12820905 17994913 21020254 11597586
5322149 6539851 12360036 16548912 18902204 8892943 17002076 15516416 21021935 14977961
11814304 14062252 18100001 17392687 17545479 15728400 13468615 3925570 7116741 18829379
20244662 8968039 17163243 12100832 19787097 5821772 15545988 10158247 12715767 11984026
6541732 1720848 14202215 385430 1022862 7283914 1669943 13175617 12769110 21458863
5566933 12079373 13483157 7364912 9160881 4055281 7380209 14338200 513225 13917520
9970289 17555134 1239777 13623939 2337443 18018530 13971330 20504027 8339431 19415217
16651535 10135914 8181019 14478881 9071926 10288717 816590 19386060 8354011 14486783
13207563 10738456 19653729 16402320 14930015 6948969 11334086 3847030 20138807 1989673
13700801 21280884 13293398 3207628 5444912 17205614 12452261 16017420 9670748 4947373
5599185 6883378 5029763 21430163 20495975 631302 8115540 173485 14426575 8287584
4176992 7174554 6570085 16636237 2698550 15492579 7008692 11076775 14529470 11705831
2599205 14274594 19800356 681961 21150047 21179903 11182834 11056376 2752431 20496742
13959898 3825565 16457113 15074318 18812260 11638831 13274431 7551449 7270226 6423675
18921671 6431986 13608220 12590993 6162359 19006824 7491798 6338222 10829751 16751598
19311887 19132950 10075995 20342585 17624604 10222421 14375478 1640222 6632748 2820644
4780778 12995440 17198210 1777102 18684697 12651757 8416024 6378967 11352122 9566208
17722018 7856302 10274487 1386242 9407180 15459543 4961013 11359675 13865775 7941770
7848755 20438917 13799344 7998993 5559217 20745003 10489540 8791898 17520166 5697650
20256259 583568 252076 12135429 15981441 9794076 11186186 7712958 6566884 15290313
1675028 13173635 114780 7302132 21052410 7627135 4387534 16311730 1693587 14312119
1389201 6408086 9249449 1075598 12415811 15786676 13044430 2433014 13348110 9268057
3209923 2361366 10110319 413353 8695042 18938899 16845813 15660630 2602732 6878228
15751717 792019 6932915 4771987 15828840 5037964 11011017 15995884 2534811 12987002
18292391 7275637 19673945 16511198 19169443 1621997 18707888 2406031 14830516 660877
8569028 15930535 4650087 13516400 18419264 8013216 8735419 10694702 15800134 18874646
16318914 5858809 12387493 13891046 12980297 17024298 14343809 14948581 10531877 7878895
8407333 20283834 4436988 8179299 13134749 3954105 723568 17156635 14712486 3408171
11291846 1178516 181515 17475752 5328605 20846612 18784940 8133619 1582329 2073891
4893449 2765101 9130415 6067351 11527644 20251846 19463966 1031466 14365593 4715880
3534428 14094188 3899317 16858966 11011065 11092171 14695660 15247200 5742166 2008443
19424638 18042788 21361014 9152344 4093640 17675174 16895136 18478442 20989652 13851160
13528888 2148285 3497571 4654309 6034668 8494030 3625735 1808460 16223076 19747428
4284149 10104918 19067658 7865229 5535594 12838692 6712979 18713226 7164135 14556412
7836912 10637720 14880508 9772641 6746697 15015232 4579946 16498824 9951641 15558491
2897949 4102017 5042208 14765606 3148725 1358287 20153212 2575142 16765994 5429540
2628710 1537165 10293195 16169035 11837865 8945879 15406978 21350065 14770711 13953989
18787809 4916980 15578953 195464 17341701 10473374 8051667 20106114 385312 14748969
2990267 15681244 2290980 15231018 12270463 11508561 10605600 586990 66594 17287791
5271395 20284362 15922169 10529400 10847153 8897740 15787007 5785386 20117879 352618
17183737 17993443 15024828 2765148 6619476 1706622 19299613 20616283 4463462 5851802
19957067 2348825 11180276 13653078 19687109 11474902 14241545 8395984 13138687 14305165
18725785 5289798 18626624 17451675 9716929 9275973 3734933 4516085 11655269 4750194
9708239 1058858 291887 12937806 2397910 16739580 8707690 5622341 16963946 10922498
13334568 3919389 9820799 6496041 2520791 17455968 742185 19391664 18655862 6415137
2681779 17591020 14390198 17340354 7374175 1494458 13547474 6328076 18278617 7378736
10655636 17298964 18278147 14239385 14646936 4692534 18138888 1878826 14560059 3104824
1127553 21266548 154933 35164 7964042 9464954 10153917 11744554 10880886 14765283
19575348 5216795 20814195 1657972 13904673 13093375 6296771 8223786 11403462 19120001
13119190 17838418 8162803 16519276 3299434 19064484 10982413 9314574 17118197 8053472
11511658 17728526 21400616 7403078 3665856 21354088 8747175 16268865 19391009 10749343
1809184 14792452 16636906 16670320 18041594 1044673 3625993 6869077 8766089 13026505
4524723 17798019 9879969 17191517 7586299 12451512 11760772 16680654 16410131 8473011
469501 4810580 7330744 13859224 2007533 11777194 20345290 15091570 20587973 2530521
7314126 16812121 5679387 12585478 3500783 17617915 4242116 18085796 7572418 7278352
16215145 9957334 20919229 3857535 7869480 8649714 16406281 657995 7352958 9706635
1892928 3085472 8844395 7597482 19783073 9125520 4284934 9881708 946312 17044694
16680334 21418533 15566491 39150 43729 2317161 13714847 8240352 1298125 4834296
14455378 16270507 14894977 4215404 9629836 13445844 14477620 769675 14432385 11894829
3895590 13564810 6409993 19544150 16072724 2558587 13042433 3161945 20821426 3838386
621953 15719733 5085237 16258923 12594230 3085060 697626 1804090 11344136 19523614
5794840 13443219 5756527 1623549 17531351 774303 6430511 10592567 919916 21260823
19390484 2764637 115021 708735 7764548 15531396 18166738 7951043 5697088 15163540
12948469 11021870 13783033 9580058 11281198 3303903 18382671 18272381 7901041 3067989
6806763 15411726 20294592 13747674 822000 14183129 17437142 7946576 10499405 7996080
14713802 10108272 16587449 16797340 20211156 13696611 12360466 17986308 7731500 9325241
6417932 15837282 13985270 3035842 3251667 15210046 19819091 10837989 18928861 6827659
21451240 6028174 12929802 9442591 10051824 10705493 12596275 5531650 11737153 14327574
16436079 15456600 15969396 572537 2073031 20692264 11957519 11894137 9426638 21370143
3415120 7246435 5109023 17014 13354661 12314071 15630259 19486406 13413240 4456362
20945436 8264797 19147505 15349343 308478 10325931 817848 15937390 6655470 13139729
13196537 5128121 11458423 5081052 7344216 10859872 10966691 10225056 18859927 8806232
15559332 20328411 12831714 17849620 12389529 11420886 19007990 8344522 19995689 9739158
19615732 13852448 9195449 2445462 7768081 7095996 10136850 17600841 3284933 8798286
11866193 9097978 19161162 17311977 18816870 6517561 6222451 1170472 14973150 1499835
6468010 2430306 18994588 18306131 20040252 15273207 11273713 20337806 7219645 7136936
11867220 15704814 12008179 5404746 2397444 13583637 16910797 12217024 14180364 18900658
17650898 13810129 14416862 14875598 7567326 17556177 6153105 7488919 13902858 17671847
1389245 2427114 4163236 6874430 13729871 12123043 9796280 16546511 11389701 13736894
18169601 324603 14570339 8426304 2216609 8154797 7015891 6680397 11487644 19913602
5161764 14417691 5642901 13723646 14934403 14292949 6405597 2945384 12884673 5675638
5742687 11503353 17908674 8937203 3376604 17604445 20847025 16607155 9651521 11053967
15577866 5826691 16743906 702598 11022004 2461722 832777 6195667 5907624 1177968
6044817 7970018 10967500 580003 7848270 13560348 4220237 14608656 8729101 18072821
16355480 701451 9974200 6843382 2815779 21126132 8886851 21312764 8120189 6683959
11988808 17262936 17123602 18728468 17931143 13393466 10862241 64249 14959107 15753412
6094248 3369374 7476626 13438900 9890372 3608578 9119033 19766659 3905930 12443458
20636734 1628711 9299792 16889147 8184480 301394 7577593 5809141 11436415 16616881
18746552 19925062 11991976 7410808 8544396 20416164 21375103 12318267 6710943 1721104
1715688 6050792 15689827 18387433 18208435 3686989 21156538 14137407 5872093 4213730
15847797 20977374 6872537 2516997 4819212 1459663 14659472 3451326 21240187 7828607
73424 13320804 3329130 16245567 2908655 16537416 12765048 4572153 18416435 634174
12478991 18760324 13283090 18840623 21117329 5193231 16277643 12083718 14492290 15060788
6965648 1795898 14051895 18480784 12910553 4722024 21009217 15255785 16343670 15733832
17092456 9362659 6500970 21212216 9894260 8176308 13122756 6921614 20653095 14596093
763264 16065019 5768585 12193004 14949654 13777346 16902276 7504674 11530700 19083571
12838927 19950954 19357295 15236946 9451728 7112194 16843173 10058375 16082808 2686078
8792177 19174296 3071258 17833171 1203761 14166453 20451012 18313494 13113699 16469233
18175417 6717118 19447004 11238084 12695690 14928266 2995662 3493695 17750607 12477182
8701037 14806261 6439499 10584738 18368261 4381502 4700932 12375887 4597962 18422935
1700203 19111138 6851285 16603756 10150982 3415849 7038052 5320201 15679312 9327293
12408990 7680664 427697 1671930 19396884 12948130 20812961 1627861 13904590 14529532
19784672 14287063 14085643 3527340 2555101 14072637 10981592 9104869 1865223 1736189
2279986 3672353 15563148 8603501 4500496 14041385 16860558 5440977 8089501 1433329
14634252 16428799 2574119 14087643 1594248 12822958 21431449 19127141 19311589 17006216
2393051 2426067 2330822 13645560 12487521 21182939 15394162 18755255 6210660 9165380
15578719 13190608 16066584 14208789 12670830 8698196 6194936 491361 6574284 3853680
5108109 10078830 20975750 15442254 17163237 6259910 6038694 15449552 6171173 4780206
13068329 7489171 6889037 6559834 14085204 21264029 9358585 16988784 4866466 4809969
16204498 16893961 16892671 7750854 10941336 15785475 9594398 15761505 3017044 5338911
18529854 13281849 12370925 7007187 238133 8928223 18866382 634268 1708431 11857589
19795940 14830084 10093024 383136 18532436 2247505 10773163 3263177 19711985 4029181
12887203 16010328 11297290 2893098 14090381 856418 16257026 9383004 18250432 17327368
7725112 10971520 2093045 10022707 16606977 16492593 3686934 692189 13919991 4475146
9762553 14741244 4305614 19436401 10848145 5134278 6829337 6136394 9772598 13932533
18349930 19368195 16979966 1086231 2646516 5861964 2189741 2329337 13469409 1972138
18006466 2313498 5606999 15981638 5474826 11537603 2386696 9616615 3753850 2625682
11652852 16506328 12566179 18421708 1963559 8890841 19222278 18278852 9119211 14112572
10076570 2659419 11809538 19822099 7197916 2224827 2707990 20370671 14373355 12856778
21332331 9322511 13835145 19772853 944577 11360451 6033249 13646806 12131656 12387806
10157642 8709413 12214996 12335452 19618443 13310237 5410076 13608618 2905051 19531999
13853625 15177203 10946614 390994 18245920 6702296 13098508 7855272 11498814 2569638
4846879 19131446 19947607 12944544 5092855 21081587 11730105 16344528 20342379 12965466
19083560 16539661 13394655 16816038 7233058 2713585 7532305 6393271 12544794 13277628
4157001 10501793 8946163 9762267 5954122 13036197 17262299 7941231 7372407 16538649
13659876 13998797 18574765 7847380 19134922 12205324 4512692 12232312 19697747 15885762
4161512 19195210 3000355 6220013 13566055 3759373 18220623 2799393 17083449 9641375
4906611 14890502 18041286 21443630 647340 2006974 7859364 1965734 12429132 3126078
7122184 10348099 1117468 13638909 6110756 1765667 9956819 10777707 17558709 1791211
20781973 1252767 7722808 19885830 1538118 20421994 17526738 20356503 12530462 10856120
5280317 8240907 4479086 13667560 13128500 7704873 691770 9066731 1269235 8640742
13578724 12058938 14573471 18384219 1600287 21132750 5382691 7281875 18510959 21139789
20459612 16973648 6870831 12604656 10485530 6250326 13593571 18112343 10984428 1737994
6537686 19510828 2445415 12713965 10053355 17378947 19896921 20883897 20720862 17374973
14428074 2186735 10481811 9812424 6503332 5491487 710309 5902024 14183246 955180
8338621 5789031 18487461 3684472 8872660 17783281 8899266 19643893 15770171 16673445
12289565 9890169 19932010 16053225 10591334 16990027 14970319 6239123 10055383 16014339
10849031 15689048 6894864 3268360 11876151 1701409 11669022 10070017 14119043 11828954
6036273 21165715 14767146 20238530 12841430 16943700 16378445 2276685 21350959 4957321
2958437 5473674 6499236 14553079 5312736 11536649 14163492 12344367 14395031 10190307
14384641 11226310 6394239 16858908 3502122 11444459 12682287 18190969 4932093 7537445
2716322 5376464 20168837 20748971 12530191 12923575 16144274 14321507 3754518 14569105
3076421 17159662 192203 2728170 18953326 339437 3594472 3277469 16385619 19440577
14878355 5701393 17912746 14153445 959374 8653597 12300164 10801879 6144184 9765085
11783664 17288470 8809640 10811471 6065384 15165817 10912436 3547640 7545819 11416966
14977318 5542142 13483752 20134168 16916194 7159365 12235381 9566875 18818921 7296442
12635509 11686469 2953145 11036382 14419414 6150607 17187228 19796077 16475167 7930959
5467551 6446130 1614935 14888678 17401377 7184192 14552046 11291043 12065724 16091830
4067289 14617230 11076718 8773823 11681922 802101 18071112 17192179 16662992 19452709
13771084 10366032 21020817 21048009 14491744 9312223 10704837 16043617 12116600 2546855
14689749 11176334 18672834 7061334 7090047 6980143 18291025 11431096 13306558 6620266
9421341 16884726 15122810 5147515 3995665 16087460 11118819 12329441 15271108 7696021
12755345 10587198 361418 20258200 7130881 14468794 5467028 20918979 7735649 15581609
5701543 6051139 1287202 18836942 9994415 4109062 1843445 1449854 5365081 435021
17562949 9432011 4148086 21031405 11606888 5653765 21046777 9013024 9819034 19733791
1474387 19216783 12798570 18418434 12352453 11968863 6750532 19132778 12714073 4753367
9370304 7565152 11143946 5526485 3664985 1435685 18652420 14354537 11230428 16498895
2409892 8828206 19867804 6128526 8825287 10175916 6795843 21275881 9207156 14963509
16360424 13325312 4105058 14779801 16316519 13279005 20201105 5079459 10653732 17487281
9792548 20502086 13375535 6838319 13676871 14209197 7958118 7499975 20640430 11705549
19294727 9718653 2689102 3112126 10670011 18724246 12859972 15937895 14112983 14460062
13777692 13010410 2359868 7092702 19268856 15750990 3847629 12148921 14704420 10570371
4915568 20356779 448303 2551488 6802573 13716106 17426502 1594239 8391551 4775851
15124874 7257574 8743595 19537741 17756764 13899035 20431888 16417688 1360924 18834132
3154847 18822151 16424427 19346541 5564400 9252868 21445190 4527073 5330181 21149597
10272626 8240158 10021525 18547368 16973117 20052440 10210485 2166874 12762415 20459729
3568003 3396940 15626242 13255921 15554201 15481341 5491802 3186930 20904171 17396253
15485035 19627541 10965291 13496974 11686141 3287024 5781832 12536179 8812464 4371064
14919540 9085092 4442020 15437715 18827424 7414662 735998 14509837 14920616 19494558
14130683 17790127 17101115 8600114 5260378 5488194 3025995 8437147 12379394 637375
18516926 2199309 936661 20143587 6460031 5783906 21320120 4825039 3565823 12539442
19167607 18601176 2215604 20511886 19063694 17914141 10754568 15143649 17425585 21270051
1268440 24981 2833786 11672188 3696741 3145232 88471 17731719 14491614 20606108
1139875 8514011 376352 7868445 11528917 14392284 18132509 10329940 4314636 10353182
17565959 17417974 1452608 12283334 19517166 16765210 3438031 15613272 11936807 17188207
9825070 11845705 17014669 4850556 5248412 10410873 18513167 17483385 16488023 17266388
8322427 18554556 15309811 18992423 9254188 12171144 6910301 9469284 2948374 1170381
19398738 3683782 17584025 4300025 15495487 21065504 4271723 3883115 11487492 3977834
3134127 3056269 3670964 4832820 14687283 2321745 8534026 4663516 19401888 12768967
18018745 12600291 10809235 20033057 6695255 12641546 4909570 7746009 4239645 13589238
9576641 17871774 9328688 14928033 13893613 16310047 19339025 6110123 5935404 11541154
9616692 15820195 19471898 3961638 11519786 1136797 15868022 18521948 10028852 9778619
21447744 16485931 7866731 8198537 8424864 17409008 14370949 7328790 11613525 3928856
944715 2817476 10477508 6608685 5122936 3206779 17296694 13880787 18422740 19332159
839506 4559581 19039964 17409580 13586052 13583215 17280964 14759113 8239822 10348175
4615624 9601396 1433457 14040344 20565213 4430470 6034538 5707270 11489840 16887820
10367826 4626564 14308597 11561105 9701246 20900425 15936060 11940246 15966612 9833571
20244502 328029 7666251 9757847 14648855 16082940 8045471 6634151 3433140 1861828
20195359 17385475 9766448 16853124 7480531 18059663 8083602 10414226 13214246 9123468
4385138 18439222 12801834 15732542 542427 9726838 6613561 4568141 10768771 11332466
8411701 10716835 17686510 5068690 8283310 8293073 3521115 2229305 1458142 5945783
14639768 18378836 18959663 3888092 8708612 8793299 4086643 15196621 1324258 20515434
9682626 15139564 2175153 3084308 2119552 19478256 9032056 16566910 4846526 13335505
18128181 2061326 4880789 16495163 19472356 14123133 17134669 112436 9024620 5627259
15415639 11836291 13621907 456334 5956006 16223546 5333892 14565053 17563010 3517994
17626516 17938060 16575089 19707282 17946847 17931221 4860370 8856557 7272416 1794482
20413142 86402 19477227 3298564 5807403 14603911 4661121 14489963 4409289 12312877
3325177 17363539 11596340 20333050 12869779 3434220 2298500 4119122 3122192 8849969
796660 11586526 847867 20736497 20588838 15331272 1733831 1345061 7083158 14188732
312295 17824970 8415238 654305 18850506 8104426 9796849 2608074 15218952 4048278
19174518 16693782 4044506 14290827 851896 19901505 15950675 3374508 19842200 13543006
7611205 2629809 7109203 5072683 14155517 19756430 14035085 17466233 8647835 3809121
13892940 19340205 15842377 1182575 10073015 2804694 15835129 10094520 12799821 8075647
20270843 15083268 16528341 3719390 9097558 11559115 9345337 9304567 19674693 17483195
15111083 2333603 15759109 1665834 4391885 14027097 7564028 724499 21319855 14635395
10919216 16515032 3235198 3804987 17766927 3076824 1031079 14505494 16862829 431409
12028935 3078984 10239132 3402311 6292262 1147176 2587716 19782011 7062777 19495931
8522360 618285 12714436 5877639 2044416 19313997 488290 14785602 3551003 21419284
4054148 2582809 6108625 8817501 4897265 4988397 17544362 1515012 4324492 7211729
6866766 12390457 3710181 7567567 3323270 17748989 9667448 17074640 16332954 10537518
21035224 15065940 5930711 1757022 3013408 11645556 11560134 15648740 18435847 12517290
8220938 5795424 7988297 21463900 14227070 11242558 8776480 7592841 9906550 20284232
13279305 15506969 4434317 19522182 9802584 16954031 17595179 20010468 195610 9222389
12006457 3852525 16238012 5779430 12518906 9849945 930826 19351430 9833146 10576639
16628844 4206514 10174120 5552429 9725313 17444282 2361292 12549094 8541015 8695246
5072207 12900139 17361438 7488313 16492935 11704809 12184375 16330867 19905009 14074718
13571084 3057224 13961858 7137389 7984160 15877176 10457070 17927704 1102994 9642233
16863337 12865781 3731941 20031768 10299622 14405489 21112651 17472449 8353844 6608815
2015810 21364805 6743436 20206081 9328593 9526567 3683549 11165605 8205750 17737
19697565 14162314 6270868 21030575 6930447 9613263 8527374 10155649 3848875 7801052
6560715 16066428 17349107 15531071 21026239 4302983 5555798 5469305 15037947 14924391
4832068 15053666 11458391 20518664 15707023 505501 9019810 11205931 19894454 12418365
15122006 2628824 1191302 18028062 7370008 8617540 11908553 16172638 11326696 20255937
8615125 2666974 14551274 8796602 15799778 4905585 5024567 4525146 11752190 14920205
8218874 11761796 4987513 5922795 409063 19972323 18456972 17388957 10488263 11328650
17432787 1579692 13640223 2144926 7969936 21096123 7346432 20666865 7582474 20092487
13183791 11004903 13008957 1197589 11348992 4293223 13016029 6581610 7370330 6081849
15505345 884374 16353948 5707060 8583770 6375831 11372534 14313175 8218734 5493774
20081079 18356798 13729660 14959052 7805767 2621015 14783153 9559461 17786369 5805624
11266600 5465598 10516508 21185590 9018854 4229749 12247585 12394921 778994 15994799
11286367 8588452 15077741 6078691 8505210 13081376 11740717 3221906 19384223 6040287
12619476 10898739 6741109 11552296 6023675 13139841 12202546 9147370 8302617 19988133
19083948 13393402 10200224 11053226 16389965 6030827 9436765 13767379 18297749 6486696
1454917 1656537 697726 14523898 1011950 2859369 16341815 4454782 4715578 17881081
4570548 16811333 9861947 3373812 13815530 12438965 1810906 21424503 6168460 16372577
9036821 13849215 13910759 17794685 5452578 9335551 15913098 11397997 16225254 14957020
3728117 14340681 3332766 1195201 15282129 12519883 21149357 1067632 8924695 2032497
3481024 8807957 17033087 15927805 18978976 15289838 4260575 284157 14307175 2829566
18442554 422542 12651203 5489015 16148748 14519750 4128539 21323799 10697334 12986783
9342488 16314422 21340649 2248125 14881971 6183836 4258935 16048585 20977953 7015073
2426836 3177223 2027076 5870306 20857598 6278408 21186040 21353557 690038 13387849
9201314 12910662 19442572 3579633 3931230 1727456 20316296 1408590 8142026 994832
6234315 3630600 20916545 17842099 15282383 8521155 6801802 14516100 5170294 2648985
1613965 1725569 7250148 19681553 13307976 8427304 19093668 17299576 15063445 9753517
11763557 8614004 14206939 20135603 7609813 11026131 12398182 12098690 983263 9919449
21316980 14685579 5995813 11331525 13291624 14993481 1611568 17351894 10863761 4007617
19030689 15587421 13839288 8966885 18275337 18597351 1676514 20124537 12252171 12051418
5129271 19324926 3008815 719562 15425554 15163472 9164772 2079285 10360591 20001683
15000459 5512655 238556 5449774 16707876 6353099 1774754 4730052 8316256 19742365
19210654 9525664 2589840 10683318 6609052 12160667 6603615 19130400 8947615 3802883
8778734 9652630 5756356 10883497 14455510 14425528 7402425 17176906 16818594 10801372
9730975 2527073 5297772 18470678 5796768 10532235 16010534 13985319 15168753 21299793
21273019 2650622 7353895 15650756 15003332 826515 8715942 21207002 7209229 19719144
18747728 14239001 6554161 12955637 1541645 15784246 11585455 11471966 13425181 20894699
12325856 9671566 15667674 1232058 8302632 16140389 5074009 19429641 20482244 6527231
6012692 1567121 4279039 3717105 5998807 3319474 6138844 12398975 11897493 8253434
9968549 11557429 1093372 6223391 20465173 10259929 9007175 11755867 15606608 1173896
15746384 15697185 7900697 16111358 15410170 14128899 15860830 18339563 4655863 14963941
21104655 3016220 11367886 7699666 12447792 5723591 21157171 8503579 17903291 6215336
14962741 7603167 4412462 18844036 14020474 4016174 201249 19879550 11924323 12140422
1107239 11636263 20797145 5481089 5651863 8670927 17154424 15457924 18681248 9712234
12796546 5058049 990901 2528799 484982 14233947 7470813 3240369 5378373 12555570
19685250 3347797 4916970 15503198 11469148 6099743 18390253 4425395 21335824 21191698
14677690 13723221 3651352 4182931 7609235 14988295 14739999 6594959 4526532 11063785
15615770 4410668 7707775 15117451 4854031 18289863 18030919 3848255 522300 12675268
591383 14566765 8466177 4664450 9676478 4621746 9307754 902623 17517660 775970
5156112 15707392 4806040 9957355 18845862 8642997 11947895 3227410 4774104 31782
10974207 6194097 14955063 11784543 11754169 2842830 1215813 12243907 18781441 1108704
1230541 713328 2747683 10929798 20338499 8584997 21059969 949461 7969511 2094753
9863613 6041258 13124842 6839112 19049634 673575 10761185 2779692 21183569 16493760
16940155 12907427 11680798 11235977 9117621 14510669 20546922 5787074 6715366 13003814
17464546 6630313 8449851 21027077 9166506 5394055 15318583 13918886 17949696 18488061
6808086 10623243 11197001 14722789 7294928 4377244 20471183 19228223 10719646 4135218
9587046 2835032 2353150 8297481 10575211 11527861 19643970 17068615 17218987 20371241
12793385 597720 7191998 15010005 4278811 7646818 6189915 1442135 2332646 1506633
10880036 20517342 11760138 1481845 18867201 7843641 1927040 18083103 20559346 6218027
17148035 6001659 20113560 7793285 16484673 19121632 21257692 4217392 17996620 7271925
3054739 7862268 13045636 8468604 4924809 4350094 5047123 13960730 19276410 10630681
16402311 4655044 10010271 10556827 8720029 17919934 20165747 8955768 5300990 12171344
18184722 12936915 1592470 2075151 7886107 3572555 7335795 16915572 16375354 10004562
6329546 14459143 16673142 20782217 17828993 20523721 17316036 14700993 18414394 11460222
11033524 6249722 6785986 19452805 864416 6481535 4845914 1407726 1585966 495789
1078440 3284268 8004948 8994036 14086201 11098339 9961028 5116326 13094909 17976924
9417250 12599331 11667930 16169645 7689758 18279175 9196395 15542900 9620758 9867976
15771817 9178540 3543403 16779190 9328681 19298571 15196810 8149907 5919699 662402
17458683 20507792 3107212 20041945 11118863 1206467 964583 18503052 1044544 8425411
21069672 21286950 4253562 7669119 17717942 15694691 16207939 13155910 18505993 9857942
10697516 14692794 1764008 3276411 1861084 8630593 9002015 5988943 8451986 13596532
8597356 19280459 11539676 13132463 16906684 11407358 1661839 5242486 8194817 2374739
4056233 3868996 11735960 1779687 3015073 12759088 16580484 4361302 3318056 16791920
5513860 15871543 8661631 16065048 7584749 19987760 5930433 15902506 5773103 18004199
7813038 16290715 2707769 17940095 12731686 6557187 19415957 6475703 1113308 11019462
4993613 15700265 21414539 13054015 7165363 6791114 8487696 16560693 14688513 19948723
6324812 8240522 17272423 15320302 13571965 15293818 4266789 8770190 18591650 4555241
2854875 9689297 3828256 20886127 17147166 10139656 19478335 8292063 251096 14110395
1833041 17429116 3020534 2096858 19588174 4245030 15777667 3009400 12788519 13752084
6061500 20769706 3015989 11485097 8151554 19889464 10836249 2194105 5433633 9483615
16032775 130574 7524053 19907898 15240290 5191538 16894644 7938263 19947303 9082322
19135711 12044705 15391789 3008327 8758284 7562868 12729575 9839621 14959185 19374151
21292826 16556442 11428324 8245324 10150590 3694120 10690847 7223381 20394283 19417322
9109343 5759513 8308928 2774704 17150023 2447033 2991620 16320039 21440971 18015838
14612942 7859379 10522408 13763123 9888481 17220600 14946617 18094599 12822851 14986745
10484305 13401294 13018622 11529501 15939895 3047884 14299253 14622290 5378599 7358320
8962991 7675242 4119607 1079907 11574251 2761107 11292839 17346849 13670481 20435170
5243663 19789157 9801454 417075 20703575 1378389 9448085 215127 6457128 6939016
17704081 7728605 6908303 5388711 16503105 6336075 2585412 19523741 16259302 9162664
16476005 10884088 1921795 7238962 2017935 3781714 12676012 17039886 9169944 2222887
8639375 7485460 20072669 14168803 14986854 15003146 19672115 13243818 13464284 125303
8695072 15936662 18282824 21126127 214021 16485287 13241036 7733275 4473639 5394696
11082866 3534401 7813024 14756978 12260682 2714203 1969956 1868484 14313704 8180132
9981581 13493306 17821059 7091779 5124750 18606822 9964323 10719115 13732204 10738101
20358926 1149743 2943131 6680809 20364173 9697513 12663933 21347668 2554094 6238824
20518566 14583102 15212622 2947363 17910585 15112920 448714 4467604 21242677 20617183
11930111 2973330 1521553 5000168 8770217 2019474 12292284 2439707 5930278 19385891
13966734 1239215 14768210 13797910 12775490 20640141 7293362 11876023 11189755 3233808
19273083 5600998 7519619 18078290 16808857 11875713 5192032 16783024 7719165 19015150
17165829 668520 8120199 9070974 151778 18185513 3759423 16337339 2462386 6350806
2414944 14387753 16990139 13414844 16950549 16595729 6412658 2844405 16224464 947379
20931587 6973381 13358002 4608140 12445259 15997491 20081065 17080140 8595384 3646279
14344219 10689070 20536082 11100266 7500295 8156354 21294351 18827821 7898628 12999121
15607137 10819510 7679544 13060568 3663802 3751697 4525756 4546097 20219823 21143471
3194766 21176763 17005941 8552239 17207994 20107443 17536731 5867759 6955529 12584699
143614 17270992 17148884 4527875 14571860 19434601 7458236 6246217 3175880 17629093
15099274 7061939 18828050 7804408 806248 9005841 14924833 8416415 15922467 10665319
11993625 11384813 10754702 5230517 796130 5014406 4195305 5801042 8539834 9652848
1188831 21340150 2073976 8188938 9862516 15489004 15437228 10449402 11806005 6177087
10568392 2873161 6398456 11234011 15932620 4205633 7258452 14355502 10876230 17196912
17402239 16235244 4581195 7222743 4585061 18610056 2046617 21063196 15375239 12064372
10826920 18355865 19309065 1927708 5628542 6855820 10392843 1204993 4550403 13734346
5725488 16909829 8906193 14116257 11884473 1636834 7996387 16517160 14206626 13678947
20156021 18933581 17892854 13573196 11052347 10440617 18809775 20224303 20251356 8527086
15576203 13091012 15899581 10296169 18466515 220540 5317664 1858420 11830560 17274862
4001149 1251553 14564509 17058749 2948183 8345431 11474140 17235982 9342119 9721232
4496099 20612430 9145154 6363251 16030355 79357 18737688 7705652 12226006 14070271
20356911 4469897 11726819 19223318 11083589 15085839 20914013 10258637 17948275 1384039
16987847 1891277 12079963 20930376 17910412 20964480 10564482 1847520 10598477 20953266
13752201 12779133 2922943 14114090 12268098 3906003 17287571 17930082 18170327 12499753
11123420 11936465 4426792 7290298 2666139 11350385 1814807 16931367 4112431 19697747
8621791 16860570 8648085 18418957 15850201 8922652 710116 18705577 9908590 21014045
21044283 14093088 3645881 20750046 12894565 19266487 2038777 846971 8249112 13014924
4008439 17419727 6745505 20754196 8210453 12140253 8983061 8450878 4663084 4230049
2953373 8657137 15245156 3514148 3850920 9522427 18934398 11825265 7793566 19959142
15055289 17706752 11449466 13056148 6550809 4505013 19231090 518091 16898174 16137171
18826306 16230161 15833180 4234850 13237408 3687382 21171881 33978 10398253 21366256
18146169 15131331 192542 2474948 3047014 15019192 13988663 1985289 6678891 14807915
19702762 19915153 7728214 15419315 16230942 15650936 18112086 17204922 8110082 10307780
1638475 11985539 9954490 461104 20921585 3089960 20635837 14929000 7586707 21027737
15491522 18983688 676533 12354687 20884973 11669054 2937690 8434695 5603121 15145691
11491373 7359780 3386447 19421602 20990663 2569052 15549499 1354397 548528 3611606
14164266 9634968 16657187 11924854 16554392 10831504 10020626 14107530 17617204 4300271
18920667 11660186 17495675 502289 4587458 7459298 18393680 4338710 11071999 6185301
3249347 14076999 7113066 6507359 4248496 4710490 8297998 8232847 2486256 13723661
3667524 18340546 14342608 8586886 2317048 16314600 12572508 20459458 17235449 671272
17626273 18443384 19213120 1123454 18462549 7956993 8609735 4397734 17434702 17298267
4975938 18857166 20991403 13531568 17968429 13891094 21401449 6582406 17359612 13447871
6303692 25463 10254375 3593243 13412463 14781325 18709304 11476486 17870842 14887633
19924220 4850181 12752302 18387479 7605777 15494592 5468466 1454747 15866164 13450856
3919159 3784414 19094670 5302961 6354116 14723120 1812272 14699257 3361526 14854740
15257773 16932805 20650198 3762994 9398264 5061186 11518340 18861511 10381324 13190441
4684403 4922708 15118692 20340572 17839762 8324964 1106397 14286041 11855874 20958021
440888 2542555 924708 7807613 6909625 4683297 17660011 9503407 15526441 15037213
1795609 19083931 10084544 5631209 11525650 4542661 185853 18535303 2093823 15811858
5076529 19979055 9643244 12895442 4348239 10455262 10820125 13404698 16517475 6459315
17573612 5366038 18768503 17041740 11509525 2873705 12359 18249709 18375082 12213265
15110377 1436686 13268177 8048063 11667006 1026668 14350531 19921735 20059416 5848089
1184521 12858110 18725645 18578309 8632152 15852503 15862609 20854736 15598351 15775294
1009102 20207298 13310206 625169 20448535 18210516 19463785 20456030 20001476 3116958
16260189 7634080 18869781 7956752 10939263 5892754 1554491 17903207 18303001 13116168
5728301 4021810 12623096 18908826 17582484 5161625 8636827 3362100 19462103 9831945
16190765 4378627 14199197 14812133 7836771 7958383 1124431 15005647 14850978 14996974
11335050 3362783 962880 206415 13119095 5146092 2245095 4993725 1757515 1676390
2424324 4607234 19169310 9281557 17486982 16975958 38261 14864159 5979037 7112788
12213359 2077256 4381110 14966338 9685737 9831580 17126930 18676742 12378081 17802010
18813508 16069754 1436006 10097388 21121315 3018539 9022381 8974235 17846589 4405098
17119778 11517662 5637641 3939774 11808744 1741998 17678690 12610360 4627935 19712378
12780482 8459555 8091942 10810918 5695690 12356817 2499707 15410067 20566154 5796505
16895320 2905813 14983244 4071963 4865980 7730896 9440981 468110 1795157 1846378
5452539 2459953 3172953 15949249 18755963 2210425 5080027 19308298 4030621 6042386
7810604 7621046 18903584 9176470 10629107 12682095 6353605 10266095 21056761 4698472
2329602 10526048 12533728 4593214 1558475 15682073 15551530 21137604 3635245 2079050
14013994 2123015 1143684 7475426 10226358 15739048 15978334 9624903 20244750 17029642
4235237 7158758 1314540 2788231 5936281 11814661 20328673 5913331 4217612 6226955
4267370 21198849 3649245 20580869 1301138 1693096 6254818 8685239 7676303 20345613
3071735 9511220 10343617 12366542 18870522 8923233 4547229 5708324 21119108 5265041
5173604 14545516 17933324 461206 20734148 19972470 9385584 360168 16788648 7706509
13229936 17123037 8972809 5534398 7179270 8209940 16760568 8048028 4336504 7254
3414310 10480668 14770076 15687268 542771 4712509 9332672 2772939 1626593 10634158
10638441 10520164 9156733 13582522 3896738 9115845 11746609 20144546 10612832 21046473
10259535 8759605 988340 6365303 20849000 6354881 10708320 3882992 6828949 20034148
1642243 2846271 2291596 2213286 17253935 3180711 9199681 17837889 14737796 674928
12755725 1547627 12683017 9165613 8572226 356924 16678483 11051660 19417627 10945581
7329020 15916827 17400648 21341261 18482686 4937618 3936870 11304920 13798884 21280161
17422225 19798160 5568231 9729217 14203152 12038861 21181391 10233646 11541047 10812065
7998209 1930678 19505917 3773765 12473738 2108613 3522662 8664936 19810903 8525253
18802406 7595203 5343002 5520234 19219116 18556076 8131945 4827132 17237070 2222719
1573514 2418327 4173866 14446267 18748829 8274166 18878414 6711688 701040 13862726
17562909 12671788 5971117 3888029 5820018 5757656 6175573 2006753 12559344 10192952
10533779 1046530 5678785 12899088 3683030 11808290 9134797 5641556 10787683 14107929
9474288 18748404 9467470 18790730 4034444 19126520 15535454 19604986 17772958 13697738
12082595 19726350 17557781 19578817 17552388 4053012 14115350 15066618 15557959 8758214
17365287 1805166 10983119 10568995 2673023 6088906 14687439 9958615 473298 5390296
11188661 2903781 11599974 14959178 16667120 6328160 10848548 21346606 14251783 8589444
5089531 10747349 3733977 14124409 19561297 13434914 6854180 13818354 20801243 15909611
13272168 15431631 18646893 6200361 20861838 13502028 19784276 1122569 13841216 16597813
48788 14319639 1686911 17932197 5938144 10376155 19281057 7578768 19829611 19970588
11485759 14407130 548402 1123474 8672650 18879806 545330 492653 16223447 17192567
8352768 14989382 11368706 18303424 3121153 18694277 7162385 441683 5277254 4127001
14321091 16156525 18920756 15118512 18565707 1972009 1202858 13957324 6177527 6999589
9340147 6342918 7086898 17919541 14064491 18099887 14827521 426411 8228720 18715243
2890638 20474276 8433469 15835155 12225798 16873909 18752326 14076395 11689801 16550458
20277385 158786 3739924 2243736 15362646 7036271 665082 20844728 8077133 2314563
16135730 10397229 3387596 21179347 12210997 16926522 13680239 19285957 18710824 38647
568355 13623609 21442837 15866532 13648133 10804609 2280476 21071206 13425140 18888930
3197604 4750982 2692061 11631061 20021658 14591278 19527507 9811107 8714065 13221424
8759027 4913221 13447093 13713433 8978227 708404 19084160 12311720 2180729 7991852
9081807 1921921 11067332 15772215 3197119 1608573 19740359 4991752 11369526 9007490
9005450 19141885 10246730 18465082 12101618 16133592 16270048 7716560 4968789 13712680
9111796 12120264 5774644 4609234 3109232 4145352 1523672 7126152 12510482 10686839
19906485 18866223 13501674 16758267 13521160 2584028 17214310 386593 18364811 12671803
11926850 18763636 17407062 5871954 6499052 13020293 4125868 7778636 16382133 8030759
20270122 3102372 102140 7096564 7129251 4722015 1308389 12398263 8066150 1164304
4033938 14773859 11859750 17350708 6971409 4895663 3823332 2663546 14643133 11444950
13539902 18823616 10094229 6128683 4011659 609626 17779808 10597294 20086792 6567280
14067477 3246416 10425870 2539743 4825968 16577692 10273723 6120775 19819968 8364041
7415035 13845681 1101323 13969579 4483372 96001 7355479 19813330 12544944 16828274
5433045 10797419 1143932 12664168 9989932 6054228 6604126 6480344 5454903 16479541
5360329 19803149 5692016 5369046 19130802 14041296 19147691 11585066 7997810 13057881
3462714 14595863 14643312 7832309 5682913 256793 16525203 16746293 17475688 4559023
1833536 6399287 19969000 12706563 4917254 5472123 4730254 18286797 5692159 18763500
18128007 18668904 10496352 8301776 11502283 15558596 4549968 2474399 11626940 9233126
12902872 19179088 14570541 6512016 10078051 8699972 5788864 2894808 12669506 9831886
13649554 4492990 18592247 17941358 4553783 5792205 7857861 21255783 16799274 7254553
6732564 17499823 5481547 19733603 7028694 20490217 12892350 18376570 19770823 3922845
15653686 2196933 20518470 14537032 12401777 13117656 20604751 17090109 1473427 12452257
11980642 1438830 7148267 3830211 3106005 19285658 4411541 15671756 20829992 19810536
11851138 4994176 21010473 11191245 1109475 1176020 19525458 4849349 20398619 244747
5749454 14047111 19255407 19148605 1528828 2525394 21202930 10925910 6666005 10752287
17410280 19663750 3209730 1463143 7265910 5245849 1034788 6408217 9822052 17004943
972036 15321819 3825411 2268280 7830754 20120252 3853185 15216260 8294025 11083702
6551360 6494424 2224883 20006470 8948663 5912643 5627865 1602201 12243357 9353199
16951685 13345480 19955620 21421066 3617921 17175655 18672653 16973813 2282738 3236517
9233631 20098447 19215096 20140180 8882584 4392616 2037076 9332719 15749275 5972798
8053140 11996589 9467809 9481754 21361112 5860323 8535100 223318 6812914 20571971
6879164 3523622 16618436 16142982 18053013 13574793 9856266 17280374 11573006 1069872
18164579 5814339 16594416 5279057 13157425 2288169 15416896 18803137 1051078 20540341
537658 13036407 21163660 15549535 4300372 14784214 6184990 8514213 16383346 641414
6558140 6339541 2560786 5624152 6365870 20348960 12913294 8013088 19456795 6216635
7140025 5900152 8000084 36895 4288889 5042278 4172186 4371629 13472356 4802755
10474302 15948658 14845857 472988 8977243 13815033 1080692 16495275 19338739 4075713
1408384 18930182 11228482 12819647 17130577 19217435 14476456 17447530 1535221 20772213
8600352 15306254 4099588 19742407 19604990 15343935 11743088 16483616 15341286 10223897
12605469 3071181 9320464 2401261 7586540 29671 2566641 12741502 9299115 12052464
16842418 8502775 14436586 1748862 16071239 16230594 2282334 13098493 16079110 14315491
4276742 20787205 16649904 10201262 5201840 12753679 2471823 12340430 10273915 1999794
11647881 4561717 12799167 9348942 14436393 21315516 3983939 10167936 19643111 13507427
3772652 17791770 17098216 18316431 7708897 14386461 7740420 3371791 17574760 19901539
21418578 16022902 14685698 14154085 2913321 10064905 19833715 11573580 6239919 12603578
3787122 12248503 17097623 1617421 14776914 6260981 4127117 8076537 2466002 13145306
4296324 4351148 16656084 5862304 21272441 17426191 7921572 10493782 14757964 16057358
2055335 19555660 5868659 19683808 16712668 13906890 4081322 11531329 9423403 19008573
20445316 7681730 7272648 14059483 9845258 11279912 11328864 4185649 2725160 19376769
16493824 16387615 5579954 4185829 4259288 20007795 5578864 8318199 13902479 732708
9737327 13925517 12756652 13561833 11768856 3859792 18244807 8980235 10729921 11873109
1303400 16458343 890137 8155872 10524127 11487148 10955622 18053272 15353716 15400141
16273210 12541735 12806326 845274 10889666 12006485 15312039 19175106 12658149 8826627
9410954 13070243 8027804 1663109 2602878 3386737 8858597 17241361 18414587 15277530
13330207 9481117 12421541 3614169 19389262 17371769 12696613 16217652 5170853 1756809
15633989 18115995 6829482 7566839 16837414 18190770 18149935 1792602 938218 10094551
17033410 14064499 11934969 10852110 10661975 18539628 13547020 6679714 1047631 8504999
6518213 6857169 13014768 19077403 3374769 7933846 18954849 14232852 21012866 19249590
20982422 16871266 13490590 4252206 19647351 9757637 21292691 4838130 9060526 6544145
12529405 987027 13444511 15073502 11934317 13251208 11895186 14401100 479080 11742618
6515315 18876551 15702809 9645060 7895619 13656494 14438318 10179329 17466570 7398453
7841817 13172392 9798833 8630569 2563266 10772731 7491731 17358883 1499421 19640696
1497364 10668664 16515827 9570161 27617 8562349 17940622 17479442 764712 1952011
10697130 16182771 20640318 18939403 4251671 12396439 4275126 17986207 14780646 4053172
14741451 1534652 16244726 6216042 1306140 6193996 7999552 2975988 14694762 11094639
3234451 4110953 17942565 13628865 21363052 15305324 14150837 20708603 14901619 8137441
7317345 20187807 7005141 12752753 5079959 13373427 14485674 16013185 8541260 2286446
4799799 16312825 12958343 17737124 19851859 1013498 14037383 3998953 11266917 16193370
16546273 5853337 14222811 15638853 8674580 19303041 3692070 8742167 14039266 19565811
13545320 3774966 12876203 5981450 5383167 11755205 19120680 18352084 1193028 1245188
14249762 1353224 2797182 20041875 15890024 17833604 15580711 11817641 9103101 15992030
8820086 14190637 1046342 5046126 15822458 7046470 16415770 11633535 18456761 10288714
10523764 12774463 19604884 10111776 705878 10245921 776043 21021818 20930132 13752639
15092928 12478817 6851414 8668953 17375407 18475414 11749125 9623912 11643518 9881078
11273927 17029068 16100089 10148509 14041172 4657891 5137981 12998261 19718293 13813198
15850167 1493660 3344797 10742600 77200 13139959 19919354 377327 17183534 2039132
18812414 15869453 12056726 17019666 7439350 8743811 21274842 7915860 6802827 9376021
19959108 8090267 13620916 13355098 18933659 7572143 15247696 5435725 1987112 15666228
14116396 12430092 15087445 20858506 20316776 1291529 5058031 157537 9484145 20292839
17489004 7513099 3472542 20204073 18010732 2928146 4499354 2278016 11621261 5979481
8227220 2048678 16337139 5883265 20517206 14438412 14948834 17812414 4981121 16234991
6176026 4918324 4191831 9190638 8958995 18461961 13292035 21353797 11415129 10171762
3030400 18010116 20042512 13925596 12536097 15702654 3443842 9290113 1115819 2510938
8383568 1436537 20078524 78049 9837190 16020278 9398072 17592333 64218 13897079
8312859 471470 2372885 4690923 20707456 8766896 13368270 9439427 4958735 7563419
13961855 13539795 15765102 7707781 15585252 1080014 13281127 11494925 8126706 5275181
15205808 18016204 3870845 18413483 7274658 15578344 20749968 19447180 16069791 21082578
17917687 16491574 6757053 17594566 18582799 12964412 2291033 17894997 10565041 2343031
37066 5678854 19115532 2433829 8508854 13565557 2604855 15931033 7133258 4376022
329567 7855332 21348258 9673623 10464807 20572219 17973138 257477 18236143 17177273
9505728 4644710 6372915 2220382 533576 9416996 15802664 9964573 2043926 15275112
17484341 2684874 17636975 20215741 19501884 6556163 10414105 811788 20132500 19268251
8919920 11983036 13246868 13179742 11873168 20674160 20152271 16745429 10269774 10555956
19707899 9264563 10741647 10180877 10229266 17823395 13334546 9659295 2119506 10218237
17964596 18632490 12900205 12112058 9768690 2248009 10803863 14100364 16825087 8804418
12431246 5298564 9762320 17701471 12548199 19098013 16486443 4033839 3227981 15157029
12069477 19294465 18615280 9860961 7126055 7589450 19366384 7050454 5382100 11507127
12407282 4452896 8282454 8273494 1105490 4396149 8286508 13472086 3463161 10862459
9115176 25607 4131214 13472107 11660629 11735138 2567762 11054407 1981957 681117
17623446 228083 13886174 14238347 10166830 5526459 8522550 15527529 18830608 16968900
7220037 2424326 16747111 9360643 4520455 16512334 4674089 9480070 15872355 13969891
13388956 1435227 18221666 3999652 5767427 20685289 258859 10668602 1660820 18510780
9518262 9401254 19592822 21074895 9532534 3435446 19188014 7371566 3132439 14667663
2482243 6214691 19295534 14195620 14310847 11049597 2611278 13987086 3565396 11563884
8872041 3275256 1796481 18583060 4260511 10224927 18164892 20391019 14511162 17920484
6547624 12988845 8783014 15236542 8997319 13560767 16540141 12762536 10430235 18385834
18996634 14301741 20483392 16023506 4051738 10623760 21158910 18522527 20915630 3242601
2296312 4084377 19763327 17504297 11074648 1153537 17850531 17228714 1808207 12392330
3804558 7037954 18226701 2972125 15563544 2558154 18555118 4837373 13400678 11050790
16372879 17091632 19175329 14227600 16877362 17887189 21354822 2519574 2158038 7128225
192286 9077295 21261229 4299284 7028076 13658359 9776061 2824782 1475390 16704127
4866477 848884 20677705 16913842 772061 13194755 15972962 18827777 13140403 2987987
20827784 5299121 20949617 16150837 9566411 11187719 35311 913013 10663417 1762446
17956011 18819888 17188179 8460588 15903340 6330505 17078344 4676412 17026278 18195195
10988128 20972016 4472012 21294796 5912904 13689259 17533078 8155533 1930561 11386612
4857100 6986601 5466407 19264379 20353794 8262623 12877549 18354678 19672328 19689883
7838847 7827157 20496850 18781199 12383942 9559848 9855213 12888161 19237362 17214051
6454751 19025992 11635730 7594000 5963638 17664395 1762387 17162222 20903186 16322336
17738428 6783565 15113033 10042366 93896 7655263 5005821 11916479 610984 4050273
2670470 14329642 13444459 9496612 12529194 10606122 3260099 17044832 1119366 3534733
14373794 1133123 18832122 11171947 7898749 7927115 13562963 3021055 4965375 9936886
20077428 17690725 17910064 20895804 6753638 9406616 11473246 583249 16752714 20869789
13380961 1906198 9655383 3661062 18656429 9754855 10185508 3911326 9997828 5475652
8487144 3601376 19827987 20724843 19846139 5399486 7521538 13800849 7450257 12981063
3001718 6023671 14192382 18298812 11859790 15582102 6617474 9893979 21047856 6549327
6771557 6639058 13877810 20622711 3066883 1574671 16244186 15436330 6946758 9995752
5332827 4424560 1287864 16747275 13953721 19981218 18219429 19893570 1037299 9464702
19460159 9737330 13220849 1603267 12947551 18646167 11279554 991934 13765802 13211652
20463614 1191478 8659792 6431729 1006605 20655331 12649973 7102737 11581059 5166161
16651312 16935654 14946763 11871082 9170616 19374700 11403413 5507592 12238886 20730757
18990050 240724 8270090 2163390 9934959 2257873 16268138 20777763 3239770 5245073
10822778 12592390 3107147 4039128 21267710 17363186 14199643 10807087 12906711 11005977
9417049 19672250 21220199 6324160 7656464 15586314 10010301 10837599 6544052 20910766
19194389 1416230 7817137 882152 11884950 8291337 7569729 21362414 4609266 603236
12215912 11803075 15116192 7786372 16767832 1676504 16092532 3327465 12707569 3184940
11349723 4580064 20662928 1875434 13634014 18243139 6705 5624206 5048952 19306743
6795258 7002986 13388706 9879479 8409121 3782313 21150563 13468808 19686310 14485315
19135512 16817039 15893856 15258807 17387904 15233241 16913772 18793429 18757501 2103402
13865929 20071631 12064347 2121324 4378739 14326337 19006172 17631875 5134640 4544736
7745942 477766 14641872 19117945 16350783 21390452 13969347 19008235 16767752 12304830
19943471 12731253 6039893 6239519 8999216 16780836 15254571 190490 14816351 11136920
10784625 311169 18281337 5811609 12582602 1977117 20333448 14015467 6266226 19491808
7578540 4631634 12842826 9149391 15694205 18078670 11340531 18437378 14980416 1434359
8784038 16459446 6192213 1297610 2066127 9540232 1034839 20544796 17445325 15510561
17124267 8219404 2686677 17950713 6524282 6257468 3210831 11256449 17792956 6909893
15509235 8705350 14799974 11368926 17481266 2696700 11194021 15131927 19686454 886010
4963823 6387918 1978985 14794957 20475974 11638832 18147049 15265350 21031721 12158947
8761328 3482935 1340880 16142666 16617363 17712204 9844124 18286250 18287786 16133787
3442208 21171413 3790702 2010738 1851489 20339688 8597101 15949999 2814670 20164027
545767 10592073 17585501 3993376 8750363 16024535 17083578 15412554 2535959 11985960
21470828 12568835 10227648 6179683 13560535 15867024 9084962 13535580 20937628 18166140
10039619 19417205 9266496 2074756 14954654 17565507 12731662 21038378 21036169 18842991
10152940 13231289 16666686 21186970 14637387 17250529 1929765 20346536 5219320 5818417
1410913 18086903 17044521 12731311 18798271 2499312 11824503 4855926 15916270 2201170
185550 5293600 3479113 5193539 10489660 4580823 4492809 4315140 8646948 3169825
16569265 19641292 15476809 11545882 16140590 3988811 1771743 13624752 6235509 6309355
19729963 8355889 3785318 20212186 5751998 13762736 18944317 11201479 2341151 11231284
6158196 6316132 14705812 18387577 17162667 11476444 12576482 15223726 13665023 10382126
2329966 13265318 12316580 5297909 247475 630839 7090111 21383101 20174507 11338430
6114086 12421044 15216090 793687 9338794 9597619 6572750 176507 16420195 13877055
16383301 17254966 19158545 12830990 19523824 18703578 7547432 4606903 636410 3880382
14930236 4275900 6229609 5145374 21125010 7528849 6394060 17605774 12912490 3634538
12186974 17068746 14450704 12984718 12830885 13953804 4515049 21209643 9361791 4259704
19888568 6112944 17464052 10335268 4951559 3274058 9664109 5275112 20310326 13978448
16603869 19053589 7786622 9026524 5031955 8266243 3082450 13365027 8947819 2555289
5963159 19130078 4772780 9487204 2226049 10050028 16963591 6290833 9939626 12369052
20287761 14112332 4056565 14499962 4707832 8692692 5882379 9246012 15889516 7926195
16716173 21365709 13978067 13374055 4463794 21106818 60776 10677516 379042 12023399
6130399 10974669 8639906 20963234 12455256 4005905 1522846 8083902 13546438 7706924
17238764 577649 7576641 17290291 6011331 1074077 21164161 12076875 9133266 12992820
17763739 18974123 16344709 6383593 15716118 19584771 19963544 3963405 18167190 19161647
19461916 6866856 19354101 11645630 6024967 13110856 5292063 3750156 18286723 21089312
1642931 1214698 16322265 16141143 1602131 11267867 393796 9511893 2694577 5509640
8387841 15596396 9492113 18776858 6680399 7399757 5448165 20586832 15259991 10096536
17576947 2522228 5741306 8381467 9435975 10861072 8963025 9835435 21148226 5268279
5707472 11843000 872452 9623183 14937307 9861567 8593292 21404190 17499642 14405408
11354857 2872481 15921626 300221 2401377 11309210 2002596 19391307 6342909 2441742
10835371 7831082 5240177 11637867 12495535 21098866 15960560 7722958 12976619 16064715
12498660 8688964 1724279 12261295 2834977 19070973 1899247 16313950 4680202 20819395
14721828 1175127 12226831 8244037 18018096 12727325 14991889 4182893 19857263 8308271
10731163 11494434 8180161 4174508 4438218 4993613 8508625 2838428 264315 13328733
13778587 1731692 6515584 13045157 15336825 8354492 16126418 2394637 7400896 296460
15398139 19587278 13125252 3441796 9756543 3657212 9408145 5235782 7267266 18992174
6306899 8702119 16416003 2670866 2595496 5732579 3969558 1574130 19229935 12803605
12399100 6858879 17741633 725363 18758902 8025936 4720788 20523714 20062004 2724030
16407103 1615651 6833326 19889001 16641634 18028020 6659525 9148848 13661891 9266354
12465631 19793915 7254055 20571507 10259360 11258679 16593998 9720188 11493042 9981241
2121077 14924875 17888712 12491159 9826636 21292536 4841178 17235563 2439565 13097420
5950386 58986 364725 9198137 6409233 21124694 14954919 15889389 4332183 20289570
10850978 11101195 974858 18636817 16885672 19718555 189754 7024893 18873162 7876913
7044868 902841 7558403 9667082 1607024 4715067 19062537 11734603 16650052 5121546
5435283 14117652 11070917 17335124 3577485 14155337 4982327 5119224 16815506 7994600
5907236 13929294 13272593 17491118 6033208 130971 10620377 10127859 3316229 14451871
6941847 11531262 491356 15395844 13735046 10524298 18699767 14758320 13086011 5979053
4585115 9419092 2705597 10206135 12790363 8596887 16402496 2982431 209170 2032144
6119150 20125551 17073949 16198605 19605700 11804849 13715755 2986238 18382274 18750539
15707147 1194100 9382583 7728683 1626205 13918871 6363621 18419305 9172044 16453706
2581244 968919 20980901 11334075 19942986 823693 154838 10844601 6996964 9352794
15681953 6367917 12613234 17755592 4725155 2141663 9121849 14838870 20574037 3210194
16999932 9446877 18491238 13842523 1349754 18487396 3524675 14033896 19557294 12828070
15709537 2389240 12131058 18545536 2718224 10905993 4450445 19954356 16186325 619115
2959317 9685343 11416093 4868516 1207678 12360195 1649519 9941210 14456462 20095997
8364633 15683022 9669915 13494637 8902854 20017269 679220 15255280 14195223 11941105
18030517 13109069 12370927 18965331 15659668 5410433 20342387 3099129 11899458 14624420
39629 19440049 13929094 12518532 6663039 9685223 15952825 18187697 12403940 16371723
13834846 7449832 19533711 9035109 9625663 4288078 5468430 18732650 4090201 16466513
13316198 11126826 17840451 15971330 18127628 11715772 20729241 4859962 14735447 18562783
20111629 7973078 18263537 7862833 12377182 1002504 12330622 1487801 11383662 17233165
964177 21212616 20080149 10588457 2291312 9136274 11185791 19660406 1307939 3570129
4250227 17212270 9142295 17266583 11361332 9939821 19521489 10767700 11473104 10974154
15513906 8022414 6428749 10470467 2973038 7162156 17556921 413785 5098403 948348
167777 1793879 8691577 5039593 8402400 19151804 3082848 15628081 19619684 11327057
10917633 15394099 17080325 5279160 9577551 12764161 12305440 16971697 18292809 1631100
18727980 274180 8376174 13951101 2227121 564856 3984092 600458 3140269 7088691
20040110 4915737 3560302 2525368 5236534 6742623 17770110 17891917 18490264 2669190
6794162 18994764 16910604 4846209 11795895 7247976 1678344 20848678 14106790 16756898
7018177 2725723 13595242 4659930 2780484 10584761 2561467 2339748 4420042 13152016
17062525 9907957 12882567 20767060 8487844 15988840 8029350 19281666 20103066 16717739
15875693 10130055 11821747 451411 15155598 9094972 3672110 21324486 6668800 1350083
4744976 14535168 5489509 4426563 20253099 13658856 14346997 488418 13629886 8801214
10554277 11363253 17440571 10324118 17747055 18046608 10324618 14069478 14612424 6293776
12364361 12746937 8215679 21253619 17003346 12061087 2605302 16187517 6252530 21327091
4760873 19705974 14763269 42865 21167239 7691029 7482913 13085445 6090919 17665515
3561801 9934836 17266470 2406706 19703979 5849188 7933776 7382880 19752130 3910824
20011944 3297179 4004210 4754647 3643776 16863163 20876815 4544031 6129373 3497421
8924447 9393641 18016380 1259793 10803619 8830576 960970 15024892 7162721 14700692
20317882 6585021 18171431 13769148 14780203 13431415 7072105 8156983 19234685 15444250
3941634 6083378 13130989 10070750 12906744 12520386 16616085 1325006 1998193 8058991
16877879 2629365 12040639 4727326 19942867 3537614 13673361 8861201 8854902 299474
6552211 653877 1066736 17765128 9308600 1203287 7652822 8360365 12646201 11624497
19607032 14274113 5608948 13226271 13358661 8037987 1844927 463854 20078423 3307363
12270154 4396308 18522617 927367 19171134 12432490 5990752 14395813 4033699 17373745
981236 2866984 978768 20071291 10547893 6860115 10641525 8195398 2015395 10686915
18023064 21316682 3752893 5796651 4612599 3147738 17132758 4932894 2017834 20332372
4359415 3650047 8390528 18242232 18969790 4543376 7881688 4537353 8919461 8076282
6319923 9025143 6835739 6413798 15298967 17689173 7856075 1297234 14088906 1831917
257203 6847256 20927063 15491556 10846723 6450320 13009890 21294746 18764177 11510946
20021301 2145823 5449231 7250600 2146983 12488511 15070310 2070232 14990548 14423362
10392840 5793512 3366003 17191840 6041177 11615606 4160232 13998880 6676472 4576577
14129338 7895345 17382652 6023577 9027729 8099461 13763743 18295006 10325956 17437881
17544170 5300912 7062417 3819468 1743639 10656162 6560812 10657999 4323794 11201830
10013954 2693538 3583507 6875482 8464833 5055809 8284954 9768655 11050890 5064119
4911237 14849759 8028589 15405948 11846173 15903992 7865293 17856462 15432715 8446084
17951064 18858321 17521383 296806 19895019 1751219 14762734 15556598 391400 747907
3638470 3763689 9312019 2477801 20201592 2333463 2484681 2518476 3049609 20727207
9978207 13332859 3178277 9431190 9361269 10147482 7474306 10298934 5647088 18634598
21443844 529022 1472796 874335 5581918 17486936 12599947 13345721 7110660 17423199
10828838 5562642 15551701 14413762 16809351 14980513 1076534 19239417 10076981 17920447
12873465 2749505 11832122 5806574 18470548 8420719 15407318 6857328 6664609 5190039
15547569 19045749 8271422 14672610 8058271 17176303 5920365 8532201 71117 21187927
21149292 17997279 10007516 10776888 9894252 2951923 11144464 6196249 9235377 6632170
15281609 9030523 4431203 7889581 15907718 4679643 11034591 5186653 5058261 14238780
17551664 6722462 929379 19230232 3387896 6821181 11140848 4667990 4069974 3501920
14275431 10778002 12044654 19840578 11842515 18037752 14906382 18818367 20137924 6143770
20638071 5160816 1678901 17478693 16682219 19605787 18002712 5909843 3761285 21205384
15373834 9848638 15217138 10824069 10775595 14938213 1983608 14910529 19125228 8208580
17333439 4478176 1105740 19170005 3047303 18439894 11631652 10731207 7860061 6918022
1973066 3939026 11312992 11820133 10644717 12310912 14744948 21043523 21453778 9539042
8087344 19557720 14114959 17170390 17850667 5749435 1321639 4947985 4894323 12560171
8503375 10235235 3216707 15333380 17112152 7170482 12097765 18653711 16844933 6509486
5346649 15849587 5116590 14460714 6774577 12672024 13553305 4863422 8793455 4377040
8357003 15716904 4123291 4901783 3402559 833773 6266380 18957441 13786899 4162392
12951200 21396401 4236131 5471696 10999907 4550591 17231714 1016572 10423839 16768322
2252920 18861713 14565139 16436334 990168 2420763 5430916 18570967 4210876 19822539
8741062 17361427 8430420 15584003 7145178 10519524 4262166 2148158 701573 20698062
2466116 21464300 7783960 1185596 2049445 1805942 4972795 7654233 6365901 16618830
11120913 16880892 15205016 16512045 9583759 3906958 15489980 4297735 8478171 18848724
13608362 19974469 17124727 3990528 14162341 15521902 14906312 19747086 3817687 8299037
18662132 20514911 13741514 15488660 9308221 13654572 9957591 15829707 10544780 19654905
13003188 17222904 10930256 17015704 444100 7895947 3203578 17707319 13637071 21427308
427644 15467318 14773936 7333638 16773103 7997850 15411445 12937050 9261879 5382880
10265523 12757927 9779059 7904910 4539491 2389384 4456839 17466740 9406656 18946652
2224637 19073291 11689716 10622401 16921445 15724584 10755447 9747077 7833486 20760106
7994125 13319897 9430564 14353432 16371240 1186383 9718164 9622582 8909402 20614054
3524414 2456303 9922515 2433847 19275040 9540775 4348255 19539259 4590227 17777648
16227913 19060560 14515150 10717094 6217140 5867108 152960 13698 15155355 14860361
18067384 5335266 19418495 4680244 8693529 19893355 10552089 993014 13522128 742895
1099661 15056908 19368328 117487 2309109 7733297 18453943 8569798 16938255 4278100
12820967 9104213 18941714 10784112 19189308 10799177 8766184 16245796 18911631 13222506
20201401 6893477 4302675 7534176 3155670 13983622 18134979 18834708 18254 16428586
1032505 11744902 1375613 18726086 2337286 925191 619844 18436635 6481916 15427194
20865465 14458693 9938152 16580669 1589350 1064771 4758930 9259330 19317145 16736666
12834456 4498702 4854167 992756 11467673 18033126 12655546 2431596 12909894 17643669
18626384 18973988 8215331 7122802 18529102 14738656 13529695 19921741 18563036 15054867
10843227 3277782 8488250 9646005 16415158 6581490 12255602 5057048 12537242 13289652
13278563 13006025 4872266 4073984 17720878 16141321 15938125 8741343 8879400 20635119
8450381 12951209 14763965 4221950 19349056 4005385 19890786 20204187 9269375 12919251
18285094 12583871 6567839 12693331 9413353 10107984 920895 18543600 13565400 2301908
7288795 5814316 2112974 5819718 3232365 519727 5794661 16619283 15439498 11368054
6709394 2208546 430027 13999071 13078759 10565357 16918544 20784632 6853642 10286272
12363623 5319894 10271399 19859275 21165913 12039223 1372540 13792488 277821 9288093
2670557 5933371 16590095 20484282 3725501 5769587 11183800 15683652 20928613 692522
20072169 11006948 8770924 10707757 15317068 13548170 5446461 830959 15982770 4890892
2360007 8046256 15582735 9265004 11342791 5163308 12638796 17180525 5305845 3589955
13206729 7444398 14728430 17566022 182562 2435609 8182966 2388052 14791492 848661
8028089 11030299 19867555 1015005 17763198 1227321 5965386 10560079 6934837 19734465
6386078 14228775 19077370 217161 3744722 4266417 9568820 11359189 1051398 18266409
6058993 321299 1930990 7206873 1202121 8919408 8888020 11952699 10159895 1951323
11232161 3407671 8112260 2584728 17156525 20090654 5104429 20724714 21044687 7333781
11146472 12327155 7580826 13857647 17699278 20185295 3076729 1144306 13265153 15403221
14677287 8486821 18925966 5368207 20109661 11397322 2044589 17358148 3351270 13180997
1986853 12416809 10314136 9854643 6843087 11051274 332459 15449513 8685868 21003647
11725091 6463320 244795 8873351 12593945 12372235 15751481 16942351 19262749 8240469
10367393 20924566 6442452 948387 18243140 3650577 11078301 20919817 3457582 2570407
198605 12446308 11579383 13386057 4363620 9326989 3322863 14567844 16448049 3376548
2585534 5737589 10830632 8423685 16060756 10686258 3604898 19980339 4999760 15023318
6239782 11902908 13628451 19424613 7464063 2191043 12465297 17962891 12417464 12044414
2650841 8157148 6643794 10131436 4036768 5319028 18352 1678803 10824086 3857590
16298188 14852878 1033954 20390374 20795870 15904456 2448483 18364759 21138185 18317297
15532451 3277945 2578686 4135147 19043327 19043428 404569 497937 15722095 18808161
14790604 1153414 20261523 9733424 20953583 3000880 16828503 11196106 17060605 18716640
3087981 3477721 7316387 12692383 15541609 3531663 7545277 10948665 2215591 391078
13518256 19395249 6963842 18151004 6778787 14749155 16345230 16287456 3423855 5070965
6841831 14054015 14319963 3372128 2754309 2743404 2975053 14954192 20637131 21002913
9301264 17615963 1786701 11780733 17442937 8727102 8206289 19095110 17000820 11608763
13866194 8102087 19509682 18517678 10865532 14040823 2324883 449956 19554245 14562037
19547496 18537249 623712 19607288 3774803 18731952 6970260 381301 123786 18821583
8036262 741173 3879673 3995615 11002207 20217305 4972419 15716375 7121823 13447708
7270289 18902738 14966475 10202830 11131312 3066029 5361433 5860844 4469293 17179384
12149395 8232788 4385902 4666412 4351331 3669803 6425089 14816033 3827952 2253547
6584618 18801250 17242037 3348159 2043973 13730959 6813404 4763805 20723429 14199812
17170181 13209441 6947130 5136817 1890623 5058746 14062193 8132103 5875923 6020959
1338691 14185085 2819650 2259540 7076793 15966553 6679249 9326212 7487815 9730046
8087405 8213086 17515299 13025915 17341668 19761830 18919988 19200719 9674911 1018179
8199758 8522996 1220439 18196302 12504168 18600164 9236132 15630680 12756138 9068449
7543550 13779627 16118082 1416416 967693 16942088 16759475 4798044 1676326 13529592
8720241 19367410 2357383 4175972 7964553 6479368 18766557 8053717 5429584 17844296
2174968 1849232 509988 1342921 3128502 12004044 1142391 9026548 13905402 6768976
19349538 278647 14765994 12441174 9841722 8446493 7432559 3387248 16671303 20532817
21400599 11802909 4719440 2551875 8633831 8819808 5377811 12083762 9942647 7045527
16975400 6695904 15477311 15399383 19492276 6557473 19081023 10707725 12630956 20485830
16138979 13103340 6019309 17297137 16243344 16780939 14545166 5832593 11147131 2550239
4611990 14876268 4890140 150420 1316100 4765320 11726142 3670097 11156796 7737671
8682704 17190298 17220730 17410832 9566193 7673311 17816330 6726099 2680837 7071497
17550559 10538977 9413187 7009849 3227170 18843528 11595015 6158520 12622016 7350018
2811909 7214308 4826383 15420491 4612223 17347760 11976334 16757612 5467911 4530162
10915876 2920305 16019133 13397987 2242558 663116 1619318 6798284 278429 18187193
11920132 8297306 14956189 6796822 4602347 3194302 12055268 598867 21391219 3525139
5746939 411409 2182791 20013123 1286558 7162455 11862973 18419313 13528296 19274450
15755468 1362366 9554699 4675653 20643775 17654838 14737575 472334 16403156 11250378
12374101 3456119 6218306 3394582 20673520 16184107 13133667 10693330 20122186 19159155
5909999 15694949 8941338 10195501 1379037 4984309 5182635 2102930 20755974 9860804
4882892 13859034 11247990 15118664 2112538 7434971 19529586 4764530 1038558 6822391
1911725 16535566 10985433 10146692 18332584 8259017 12643621 4552134 10540178 13530005
19534996 15824852 14299874 11952332 8318511 14524624 21155525 10832593 13987783 20027048
6931752 10419833 19047304 7901761 735702 11881887 10223146 5281788 17120625 12223579
17369418 2573152 19518289 5997265 13831083 14167485 8453741 3769839 12720203 14511868
8298867 11864202 12692515 3507974 19985559 12123163 18324690 3367331 11847252 10589606
3709062 20472525 3386585 214362 3680253 11008857 3707082 15080711 18965214 19711517
12768027 13050081 12750041 8558072 7931031 19655986 1093469 11906870 9149215 4944555
3504650 9305993 12286579 18469152 10103939 4599038 2528468 323841 6672997 12527734
17897662 323775 9408954 14236889 11149818 9126502 6389834 9272059 3375483 8653931
15648740 21343182 13541763 18208585 14343663 16364611 17323912 19648571 4236341 7186043
10284374 16857035 14446710 14415315 6098468 9478447 21307419 4309398 5722236 2731219
5106802 12643820 9803503 9184208 1429155 16876848 650315 16238444 7605998 17139107
14864575 2909152 14792977 3778014 6614836 15425843 7183547 15490572 7769241 4290359
8092592 9735315 200833 7880672 11028698 774720 16850996 18610915 9466892 20397952
331418 8629940 15711244 2130632 13939516 1737933 4442489 7913244 18426400 949066
4186759 11992182 12698134 18716842 3748697 9119579 18466789 4871588 7757523 5920439
16832515 13307398 5416132 21075523 14970610 16725683 1307089 18559054 19698493 15364215
278467 10828887 7869296 7074867 14149425 10757895 20319130 9986522 5992363 6683925
13462437 3734286 11566931 1287382 403998 20836293 1844522 2839417 9730414 13970997
10313617 3552454 20685132 18843331 8617019 12823230 15616668 16318919 20672346 10696723
20810539 12370638 781208 7159536 7945275 3740488 8194884 7858244 3849096 3443409
7148587 4238161 3003799 11065340 18378946 14763545 3604898 2376615 20949583 20405152
9396619 11006988 1901857 20528262 15026748 12439400 17098859 17905089 13544193 12281439
3225007 15576120 14176705 1635281 13912008 19479941 18285722 20224028 5907459 14159107
1179880 16744690 15307607 12715868 7598129 5801375 11005196 15654528 7151365 2039491
10338822 10185864 20166968 8251376 10017649 17969430 10270406 14081567 20305029 14228329
12658852 5117734 19559461 1032658 9261067 4731069 11309409 13222171 9593783 4984310
62526 21340453 17306927 6925572 8086146 7165809 2246730 18636199 20595878 12042639
15099896 19343980 18387346 5657648 18021412 6235111 19079322 9530390 6964313 17137503
5727469 18822513 15118055 19761826 16915761 20063214 20412958 20915847 17720014 12664432
17609825 18415987 19730257 984358 2407335 7099946 11313346 12876641 109920 17832092
1597793 19031005 1955167 20337293 8534031 9382303 13231519 15628525 13729180 8416042
5093450 10912786 14946398 5899914 9537912 6179956 17342448 8732382 17896829 10895744
1615271 20219232 21470251 2511416 680315 3992788 9905449 18127037 16523554 20699389
2855936 18945542 20900111 15820012 10819701 16317193 15871405 4703071 9699690 1911371
9596780 1242211 20832588 1032680 8659277 16610371 19225523 18947740 8095487 4274032
4329392 15376128 4151644 9618648 20508215 9491898 13087528 20484231 19613980 20810815
2108956 12117006 756172 479994 9162875 10881580 17468707 143541 15126949 12496816
1416487 7185823 14499940 3293442 18944582 18567992 17883211 21313004 2092760 683115
12389505 19226762 8182698 9016309 18179322 16871537 18353824 21106757 14011186 20391334
16055009 5892407 12842544 12592842 6936917 19163658 12681466 7040961 3761049 6117071
6273499 4457850 2904175 19979506 7734775 21366472 16888617 15840837 997219 6289338
13379567 8164912 7889665 21102681 9347751 19925118 11358188 15446275 10439217 18558567
11674736 21267958 8211874 7044841 14523395 16536861 5139019 14780781 1541179 304536
8208570 7598568 13202402 20400091 9171473 13473647 8536932 10432210 10791822 6168383
990639 15715189 6061674 14986322 4546072 12191142 17333534 11302019 20431800 13804650
10399414 10410789 21145532 614646 19600266 10483856 9071333 6667191 20235639 6324513
6522982 19016300 5189980 1149627 2777373 21235285 16357593 20701657 9563214 18380174
3782881 14958841 5618801 14784228 4666725 5152643 3566576 15935566 9574888 18840812
4324415 3230222 19080816 10837032 1175194 16353005 978659 4035095 9364316 2524429
7542038 2183107 11925317 13011512 13058586 3938373 540346 20193605 7384137 16135026
15563221 7441559 6920981 20736120 1889421 4933013 11362800 3712584 17821681 7204568
6354153 5639529 15088145 7469561 17050131 10456390 16089365 13247573 11342198 4491724
13232520 7210966 8816921 7511701 18900198 17292513 11700861 8909340 2146078 11827609
15046835 9269204 8466690 12329537 1844357 11938724 13795270 3657716 21469114 15957776
2205036 4697516 14615607 14610132 7566796 12087743 16798666 21097150 1661477 20393654
21299004 4109328 11282307 9697311 3075812 20899770 17127460 15372073 1478415 610558
13592177 1491077 225017 6137292 16999722 14700738 11777755 15677551 10466191 13351884
16683311 20504731 14753553 5865905 9703031 8663720 16130894 17384709 7379285 17513221
2447905 20871795 8961100 18229809 14493654 12412145 6232203 7557210 13939259 19890666
21427235 3140295 448463 20505088 11186196 2440086 18125688 17878128 18570966 3842498
11274325 19596573 1561146 20583604 15758265 13135620 20708612 4346834 3641481 17593651
9124685 11659894 16150308 21108106 20474234 12445401 16272871 13042082 9827436 11306022
4987008 15718845 19029977 506467 11785997 16932822 19193187 6998468 12727238 1358367
2081877 19684430 2932672 2235511 20891980 8198943 1838997 111155 3363061 15284407
403239 15223766 18592734 17932566 3095456 10070545 10764276 19506976 14775637 10693862
10269704 2750894 21129647 15619586 11307983 18892591 9514914 13461295 14352339 2005895
8430739 14122966 11699835 11223137 5127136 8938421 5412358 4807616 12888451 6463862
6689653 9269939 2059433 4842121 6244704 6124778 21222443 1358616 16965283 15468261
9546232 12309782 15850904 1382295 2766412 11666802 13286028 17057411 17265137 648516
17381186 19303816 6047856 18988435 5721954 10432038 9364027 5117024 6872711 21058903
13505369 8860510 12222759 9921937 5822506 16426930 19018868 3467392 16977713 10534372
10654530 15371088 12911351 18401303 18003654 2513213 5972456 1154136 16576100 18089518
10950966 7547137 3076052 9251971 12255474 4489662 10189574 1471950 10424161 2717868
18977751 17779351 12208993 7250595 1623844 18717680 3689711 10686617 5018912 15134621
15347109 6057377 5588677 1066686 4035726 5088325 11325097 8170148 2661211 1786115
1370516 17496863 5913811 5226186 12774288 14818134 8398805 14617511 5300508 18334875
1779238 15056945 15148891 13215895 2443516 3878402 15016619 18211998 7790615 1747392
11603249 20184667 14291776 15329911 7843753 2783981 18778743 18159073 18901156 19146499
2979804 2263130 449266 17238352 19318128 7828213 16065789 7475245 5094875 14954158
3023304 9389496 15113828 2915577 13858002 1400510 19245518 16269559 21225764 16560584
15017473 7644791 9205606 18807583 11654729 5560343 11650237 17725543 20942550 5820229
14354886 1432664 18139969 7815425 1268818 14266316 16842908 3141340 9790520 17881432
12615221 20790365 955961 12495271 19453343 813870 1414226 7118935 14085237 807256
3349722 1851260 12060953 10379826 2269715 14594946 16143022 3209809 14335031 20720730
11960833 2529214 6209960 12929925 17243903 18920573 21261910 10751293 2420285 18045419
3834959 12355573 1912938 9921614 17735241 11904175 16139387 7727855 6428399 2101493
5378495 13364599 17775784 5918113 20336397 12493118 14112172 20553315 14322040 17144608
17046928 16736138 14717020 10558539 19567246 15644045 4231355 1323499 10853573 1544636
8708309 4516571 11109721 9046273 31489 7681475 21224242 6440641 13041559 18157214
222194 18362695 625985 8537603 19888790 3071623 6595960 6906564 6077498 7055155
15228705 255339 11066926 14615785 15199858 9767358 5950755 21086665 16977454 12079958
102713 12284312 7643452 303749 6111949 2429685 995922 21453539 3328737 7881863
15840196 15447737 10357265 9995999 14105924 11735016 2727766 4513056 15821324 20006676
19274207 20548725 15629488 520245 360646 11837442 13108222 17697706 18271512 7444368
18139899 18966241 19036881 18824685 4616349 10850299 17299349 10313419 11320523 14207797
16164535 14643615 12985636 13898144 2005 2753794 17503949 19578742 5871898 4136529
17472788 6111585 12840915 16026087 7449131 10950475 812242 20259420 9477198 7594244
13544041 14029332 10556852 12033800 15316444 9344247 18684281 5977367 3009302 6583197
18289224 8185592 18748526 4942987 965053 2799582 15252135 18767844 6916758 17391487
5867611 14315769 10522929 20986032 18204165 18521700 1593498 19094047 15465575 20607231
13029374 605933 16433775 7500657 3352961 12623542 17879965 9318255 3159147 17017030
4251040 21376301 843745 11168097 3160966 6966307 21227758 17470303 7983131 6378350
9654164 15184776 6148041 20523936 15615560 3709349 12752358 8863204 9430770 15660012
1562818 257724 18919536 9156906 368293 17687435 20201451 9703298 19226665 7359226
20363142 11131929 16872057 11319456 439116 10068601 13544765 6506339 11588860 1701519
6327131 889865 11628454 11153199 12569172 12649174 17509658 20781797 14923787 6242135
11598355 17981297 19487330 14087251 6520032 3053725 1753680 5595011 12228658 8443608
6487111 10931971 13498666 15209996 15893511 1160100 10353514 13575960 12140734 14946649
3084486 9832360 909960 8445261 7691774 1083537 3386107 1260607 5976802 4942646
10051506 15708801 17657643 1217201 19818132 5436430 12200802 20464336 8960280 1925329
17046746 976183 4409837 10885214 17352621 4894628 6757083 934254 6850535 15736407
13246523 18266522 11898826 11222638 12130668 18693650 5583109 16720574 13869041 4877645
2396083 14625107 11668696 2241941 13864336 6946918 8805531 545818 18197412 13018350
4926341 17550243 6963940 7934881 2588085 17505680 11320335 967283 4409207 17043346
12226868 5485546 9120822 13268110 13032500 1514646 2970154 12105034 7865056 16203826
15133713 20490674 4138410 10300211 15276601 10897786 14551424 14680142 16015257 15443012
5422328 11225960 6731577 14984421 21419540 3851176 19958417 2504136 16730490 19135896
8884919 16709876 310564 15808173 14321597 18959596 14698818 18560775 7391695 2685621
13880822 16401066 18892938 7810327 8254406 17227815 17063659 5724245 11130886 16589085
15828778 15708274 15025137 9244844 14763780 19945072 20423841 13218959 14027182 7816957
12578402 19072068 17538993 4702978 8894031 9559996 15440176 8875081 6850058 316365
12176922 2840704 14615530 9584337 6845913 10121544 17533547 6697429 20572321 12092532
16302735 1295453 21372816 12610544 2544883 18731381 3967912 14226640 21351613 19377003
12771652 8679036 16501016 17293144 15834257 2388848 21003588 19523157 280581 15630682
18074556 17819223 819297 8937727 20073013 1542666 10481671 6746762 13992690 2037623
16323766 8243743 12385926 5196843 14898747 7691100 13183140 12308458 9300869 8246703
4107545 11445664 1264304 960912 15953401 5837780 983500 13585910 16919468 13855114
3708006 6068702 17549576 8075771 12944928 13620966 9459900 20434643 4848429 13315763
10645613 14809278 16422576 20374704 3797285 3463083 17370904 2063851 5722958 5092784
18422902 9021259 17386 10234674 1470159 6552400 10169361 6176829 3295993 17894437
12586496 10146782 4543443 3034174 16171036 19456148 17543714 10255015 9969680 11900215
12817282 982703 18242182 6644467 21267733 19439544 16777375 6582948 20965638 20020246
18196972 8976259 14680075 12926463 3277814 11964442 19014896 9864382 12097525 11207744
11759346 13469076 5691233 13657236 17964479 20118419 10157215 6418827 812142 4590009
12555808 20416987 10900073 2361371 3036481 12143301 18762734 15473895 12067570 6874177
1345635 1935392 11453330 9511216 19390112 20308333 13983633 11115960 14593732 10970602
2842835 1651930 15949028 15029473 7324058 10944785 13661 16442398 12456791 18121643
16229825 9007597 1648082 19449734 19991863 10607668 14913035 15244317 19187624 20579446
6535855 19461361 2576106 4196920 6689964 17424534 5531552 8998538 9720215 15579676
17628885 3079647 8240336 15098903 11926968 20694417 15658939 3480356 8134129 21050420
13138960 20514758 19850840 315885 18317435 7805055 16691867 5986033 11475187 1505745
3572437 16321394 5696771 6543600 16425781 4684114 337027 16598794 2415429 18560977
15789559 3860671 12945796 7054677 11999325 14302564 6133772 229796 21196137 17019174
14196434 11343330 6962917 17470164 17777397 16889194 14112865 17321575 20068602 2910123
3983692 4316810 11513414 13396063 4604521 12805474 12539487 16402079 8476243 16613385
14527860 3098685 11850785 19233189 9770459 19816731 13121049 2962876 220265 8268967
19522771 13277597 11359868 4992301 14498382 9907667 6665965 11742712 3876636 9111378
3454356 5212516 1579776 14377393 20204065 10594233 3063140 19098087 15446860 17909644
815977 13414278 267833 17344782 5256720 11999099 20210180 5875632 1501853 8847024
6138589 19906609 21166631 14397699 9249028 3566533 20227703 18977501 13279863 9252770
19096332 20015719 11195733 16472207 2649001 15905629 18651755 17192785 14965068 15350397
19039469 6546745 16966380 3348003 15318137 13656747 17484965 7262653 11568442 12085847
1098165 18038625 6424651 13390612 19236435 12618633 14343025 7357987 16553939 19946264
1360973 17903519 1505941 13972540 10174398 16308711 11030534 15561363 1525189 8644207
6514918 6537696 20022558 8066812 5603967 6286808 15364415 6021172 3054802 10283250
96176 901388 21219329 3270232 6957712 43828 8336525 10017265 15853244 7968865
3784926 1034964 694338 6009055 7269883 14043331 15037149 9293465 985317 9118643
17008084 12150931 20833602 5471732 14038091 3071585 18930273 9757166 18776948 20637992
20392186 1059208 18418172 15804506 11172990 16692846 5839675 6236560 13756916 20540699
10608112 18103526 8350626 8788000 1060639 12144689 10749985 10018230 2999312 383166
11793760 1039158 9333904 4945337 20657564 15306318 16255366 14582518 4040275 4953711
19966338 10092861 21385137 15847444 3807220 17210127 15423033 20576619 4357126 21403424
20444948 9570092 5531026 1199610 17719744 11670337 15263261 4687450 6472280 20122489
6509673 17139812 7956565 7240819 3927791 3235673 13157436 6625355 5233961 14722550
21352909 3622963 16944842 1114462 439969 7799162 7884024 15814736 8043470 3506292
16496778 703531 18104654 7827662 426201 8808128 4906197 5946403 12204210 1945265
6157789 12377739 13483107 12855510 5675917 16782065 14282661 11467190 11343063 9013398
641997 7945738 6973130 10188379 85249 16324189 14328008 4183002 7278324 16172748
21270601 4288908 8387526 20099042 4669560 17651656 11293985 12782627 3580756 9828191
19332659 8195525 19375728 9626086 16167998 12701912 12613911 20510691 18425644 17514473
9817256 1989388 8811512 14105641 17098680 756715 5393959 12434723 10329066 4577879
2875230 15576407 6642065 7908571 20654140 8675059 14063172 10632670 18827186 9043289
9305984 15447067 15759916 17237705 1330797 16821636 17257571 17629219 15643420 18159387
13605911 14812024 4222058 11653697 15339437 11882787 12410423 11848969 15642388 13974577
16424459 7543612 8866500 14815953 20732889 19369952 12936082 1617873 20019883 6694902
3899467 17154897 5544049 16623350 7680880 16992535 18600692 12997213 14165465 1097117
15190671 17765376 18918748 13716339 17969485 3251947 15419795 3482560 12414059 11301383
18436716 6269363 19555900 13089109 6885190 16976047 14026605 14640333 16114806 3779958
14270414 19037642 6903032 10130709 10989934 11316674 7965487 13050302 20027990 8209687
2609221 1758974 14785186 19295590 7734804 9282934 2454758 13889186 13272857 2626843
1292731 6873388 14532046 13598187 3489495 17439140 2342348 5187342 17487399 10583374
11731360 19344200 3824225 4471881 8821382 19892059 11907587 19924072 4657986 6025165
928689 6939690 19369516 8736286 20978043 11664819 13864545 17143983 11204916 14867413
3376911 13489770 19792593 11778327 1627080 12674805 11586797 17858727 1262567 14274447
21454411 10123617 18727388 2977920 1751180 4938431 16569053 13954850 2036855 10421671
19459133 357397 7191723 3968418 4302955 20917198 20604759 10929710 15643573 13860706
4794302 6599750 10002612 2605973 1221083 18751871 13859451 18146059 13265235 20416752
9931107 7986395 19364757 6075149 15138380 18435466 13083111 18445077 2246985 9554183