13334362 3667285 3191983 8266087 3803393 10480786 3111256 3042796 15273947 13650518
460983 19796404 2165546 20222061 2374317 20474534 4932361 17720850 3029454 7407541
8462631 13246012 20639870 14426438 7694795 15250884 16885385 13853952 2148469 20813893
15566504 7497506 19185702 13039306 6456994 19297955 6754486 10014036 2685153 9831358
20104325 19897526 11271821 6172770 10856143 7130734 19584274 4963083 12569448 13423803
14218396 10894015 1739471 8017255 9808234 10937714 13454936 19803382 7713112 21158931
14484540 9245575 18848812 20137663 14970947 6035166 13181129 1055605 9297825 20589236
4227526 15217798 20837524 17766779 7340826 13687792 15147815 16550069 11414534 11706501
3900434 12193991 2016522 8194526 14950753 3496127 734168 11333266 10102497 15916377
9922713 19244773 6691962 15891398 7342535 9613728 5762278 9348199 12645875 4398046
8630206 16985331 5605042 20172158 7436202 1662150 20372760 4716950 10012267 18280478
19047216 5332248 3922739 4536702 16355235 3837466 15450224 20360999 4021032 10567113
21161818 7191672 20442470 7521181 7520901 14793710 14676685 11762463 5981592 14312118
14063912 11747000 5289303 11100377 21130613 17885630 2818045 191897 550957 8330157
16999316 9634028 9247390 5334343 18406459 1926011 11178002 20676685 11949312 514051
16041114 17890280 13646245 11626414 10761348 3474632 10559335 15864735 4823361 7017090
13111225 18005605 4119729 2472555 16644576 11888012 12717200 3504906 11524137 10167596
3849386 2073261 5048654 5513170 9944389 10335423 1174728 14269111 21083930 16339885
12711931 16549404 7369081 21342773 10317228 7162571 8119040 589028 10205733 15609622
15229265 5606251 20753699 2363485 5836344 7136668 18452921 2908721 20733232 19760393
5309810 19191784 10276779 18360159 10835197 10804790 11374936 1777171 7233355 5611150
11111243 3060147 4939018 12678071 1586514 6671388 963569 8516859 11241692 4269671
17848222 2048647 18460471 4159295 18092219 13140028 20961626 12546722 11862457 8572541
350815 4432943 9490606 11184975 924544 4234639 1261469 435121 1857208 11081530
14339473 2988292 3140447 12867335 4074880 15493938 2364516 3459403 18309699 14331354
8516038 5869217 16302726 2611608 8392215 9966743 9273172 6973798 12720852 15582774
6654297 10290013 20908425 777038 4562511 18501756 2348381 6425595 13844675 19965853
15991325 10385419 1140450 20536286 2224358 14773174 16598295 5095364 1226487 2521876
4953212 16975102 6653657 15564534 19569987 18568479 1717088 6907197 13315237 1946010
18864787 12940828 19137910 11484780 15994136 2201043 4903989 7862407 15984201 16491728
5823892 10095325 1435560 9903777 7039064 9670931 16415493 13108910 17365940 6587488
16794921 17975728 14974348 7320802 18361251 12017591 20919794 10883813 443524 4466111
10842584 2397517 5975585 18035154 9504456 3410662 12974810 20957445 21272217 18709408
12748260 11272151 6324349 6041436 20260788 17403670 10279678 13101721 6698527 12016285
7199380 21317436 19032310 10378958 7873774 15117798 14624899 7738463 3708730 6037944
17599986 3630798 13656003 14848864 10931882 18945755 21007925 9872895 5139915 5350351
4171450 7921067 505626 11583409 2780651 11340226 7719528 20069227 8440933 908337
10797442 12567434 13055015 624812 4835457 10798832 4795773 3528648 2633541 16901180
4958128 11510953 7511755 19875925 14520416 4886612 3850628 12806497 9575711 4045991
16501035 5275709 13651283 1729767 1290211 19627137 3248733 2751978 11523481 4825408
7869796 21239257 9386641 4092072 4691383 18947595 13355621 10567800 13333883 12576296
2051202 4995029 11953896 20649182 8972167 9915658 15622986 10242607 3879978 7200219
14011103 13019951 12703008 8177003 2879815 13818625 7127224 15954859 4334124 1127782
4778484 963726 13329245 19101552 4609632 21234949 15543123 21229435 4971163 5355066
8021094 13926167 158495 20464959 5839676 11349686 21460536 17682589 5724813 5904976
12769565 720520 7513815 10914336 19069032 5374010 5340349 21195405 17108308 14914295
7543310 12816974 6783905 12750431 17395102 10294288 2112231 2075286 443980 13221894
6634747 571754 17031561 8422835 139229 14170688 19494945 18510166 14420798 17772207
7866672 17133620 4559370 1203739 8710251 9307326 9743819 11191418 13601023 10429039
15385848 13628580 2920400 9935837 17816979 8605783 6778360 6802264 3876806 1324690
4343796 5018734 10784910 6842246 15670454 1621575 16344130 13838426 6399827 2384873
10528875 15376753 396913 4547234 12833465 6125788 7956576 14658758 3964707 16935556
3876460 11339602 14414078 14955496 6778792 19605377 14975399 6316306 21391352 20360494
2400625 6490777 17178399 2401493 16619921 18144492 9949386 19304695 20025638 16292467
19458787 14758378 7145331 6606927 1976064 16327062 6579069 12341451 18329732 4167832
7219106 13390348 8694111 20469406 11373631 11409516 16638632 16030720 7628742 21186376
5068673 4801089 15418306 3949445 237063 1504747 4983232 20557604 12496981 6179032
5184119 17731335 3743155 15703152 8644372 13462579 18854689 17090197 4932662 18064549
2104333 15015021 4762239 8643056 17292597 10720102 14931352 2442672 20222251 12704464
5524529 9887381 2499410 592028 21270796 10074921 6851854 2109365 775891 16064435
1065298 3204297 7429403 1861184 4642930 20468219 1352969 21351636 9027743 2219031
14144724 12575418 20557776 13698939 226132 20482436 64614 451017 2476703 13951052
20754811 11128760 792644 16929998 13425329 19342056 2785435 17902096 2217490 13066563
11376409 17073927 8595212 21385384 2133090 5195102 12910292 15655022 100832 14091573
16209062 19943945 3354442 2908129 3720155 5743499 8797325 4625317 17083352 13865292
10310139 12616123 9426904 19332737 14561803 16400460 2159203 1655055 2768661 9020760
19382354 5658788 7295758 2558231 7351037 19571089 2886249 5120885 11430305 13389492
19568341 12453884 18985222 2575216 16825736 2422038 3256734 11309026 8024185 14133539
12967139 20719425 16961686 12208833 17848606 6153665 12262448 19125639 19727830 20519569
8399529 11419106 787180 2763511 11429001 3900355 11510986 11929013 10269754 5527959
6155980 11397504 14884196 5940584 13413797 14212432 7632079 4461407 1215377 3646916
9591986 21411487 10382050 16761042 14821139 18542773 1617570 11699819 20721063 7619328
16255358 488528 10646742 3714780 20713483 2402728 4587935 10209534 1558364 17679529
7702606 13170260 4934644 20297274 299866 11786969 8318931 15443263 18502654 19813539
16168310 11543306 2276721 17130554 3794835 8966531 20881201 2325483 17558388 3533051
3763762 20804686 12831174 11741656 6367898 4535440 3828559 2015205 1435254 18027371
18530478 18195063 10032642 16359904 4756504 18933023 11631069 4553873 17272555 3466395
5242219 3843741 3900660 20099249 5316660 9208056 20410614 21376908 1618592 18962394
1582755 9619885 20560580 13262556 20681088 18462722 3791658 6810120 479458 15122461
1208917 2658599 632568 9229699 4992329 6266612 12991895 14366163 33647 322921
17079576 21394305 6280691 12637688 17111795 20297363 14934824 16479791 20884931 2149286
10877765 13458882 12352174 1085148 448654 11782551 8401920 9551404 2643246 18421450
19626180 845545 2779744 9420552 11402484 2930727 15339386 1529334 4243548 10243619
20111765 12765957 7126250 2883894 3039076 4753825 9873189 702247 858774 1083256
16702460 11896950 10213439 12215997 1545931 21039478 18214348 15517701 14879220 12892395
1495345 1143112 15843905 20306408 1883818 6726743 600304 4118669 3885848 9812052
4217982 18833899 5811652 16188711 4658226 152312 6620868 15862841 7851788 2186292
19568277 9459118 18438938 1378674 6030644 8599526 7016241 18399085 17182445 5507524
714721 15472394 4078920 737440 9580922 5765508 8063843 18144094 12384898 20661477
10720470 15884800 5452100 18712958 1855887 14472191 13369389 16094881 1260474 591130
18546447 11161930 11202112 18286411 10799599 5693728 4285278 15077834 7390789 17883085
4970720 16301377 12725238 5153819 6935327 4396069 1264615 8191293 14460543 4141844
12713818 16779310 4032453 20334337 12193722 20214998 4773026 18629928 18339932 19396392
18220357 8292203 20683087 16870660 2871325 16543836 363570 17838436 1676701 8986303
8505973 195635 20202528 17479837 2197073 1519060 19034179 3341411 2601798 5898524
3702844 5231476 14279681 18899145 7377256 8624739 7505121 16185922 10045873 16181587
11999663 16860518 16903905 11833418 20986209 6960634 10441306 10641318 12692093 20434191
12846035 15624699 5337532 20062968 4364995 3107026 20681972 9163085 17445448 16080827
13593271 13554834 15356767 8941747 4896157 13199136 5805396 5223831 11193700 12439484
9342408 16300165 10945127 15258957 15666460 1530816 10329788 5080255 4139188 6435847